0.000000 0.000000 0.000000
0.026119 0.000000 0.000000
0.052238 0.000000 0.000000
0.078357 0.000000 0.000000
0.104476 0.000000 0.000000
0.130595 0.000000 0.000000
0.156714 0.000000 0.000000
0.182833 0.000000 0.000000
0.208952 0.000000 0.000000
0.235071 0.000000 0.000000
0.261191 0.000000 0.000000
0.287310 0.000000 0.000000
0.313429 0.000000 0.000000
0.339548 0.000000 0.000000
0.365667 0.000000 0.000000
0.391786 0.000000 0.000000
0.417905 0.000000 0.000000
0.444024 0.000000 0.000000
0.470143 0.000000 0.000000
0.496262 0.000000 0.000000
0.522381 0.000000 0.000000
0.548500 0.000000 0.000000
0.574619 0.000000 0.000000
0.600738 0.000000 0.000000
0.626857 0.000000 0.000000
0.652976 0.000000 0.000000
0.679095 0.000000 0.000000
0.705214 0.000000 0.000000
0.731334 0.000000 0.000000
0.757453 0.000000 0.000000
0.783572 0.000000 0.000000
0.809691 0.000000 0.000000
0.835810 0.000000 0.000000
0.861929 0.000000 0.000000
0.888048 0.000000 0.000000
0.914167 0.000000 0.000000
0.940286 0.000000 0.000000
0.966405 0.000000 0.000000
0.992524 0.000000 0.000000
1.018643 0.000000 0.000000
1.044762 0.000000 0.000000
1.070881 0.000000 0.000000
1.097000 0.000000 0.000000
1.123119 0.000000 0.000000
1.149238 0.000000 0.000000
1.175357 0.000000 0.000000
1.201477 0.000000 0.000000
1.227596 0.000000 0.000000
1.253715 0.000000 0.000000
1.279834 0.000000 0.000000
1.305953 0.000000 0.000000
1.332072 0.000000 0.000000
1.358191 0.000000 0.000000
1.384310 0.000000 0.000000
1.410429 0.000000 0.000000
1.436548 0.000000 0.000000
1.462667 0.000000 0.000000
1.488786 0.000000 0.000000
1.514905 0.000000 0.000000
1.541024 0.000000 0.000000
1.567143 0.000000 0.000000
1.593262 0.000000 0.000000
1.619381 0.000000 0.000000
1.645500 0.000000 0.000000
1.671620 0.000000 0.000000
1.697739 0.000000 0.000000
1.723858 0.000000 0.000000
1.749977 0.000000 0.000000
1.776096 0.000000 0.000000
1.802215 0.000000 0.000000
1.828334 0.000000 0.000000
1.854453 0.000000 0.000000
1.880572 0.000000 0.000000
1.906691 0.000000 0.000000
1.932810 0.000000 0.000000
1.958929 0.000000 0.000000
1.985048 0.000000 0.000000
2.011167 0.000000 0.000000
2.037286 0.000000 0.000000
2.063405 0.000000 0.000000
2.089524 0.000000 0.000000
2.115643 0.000000 0.000000
2.141763 0.000000 0.000000
2.167882 0.000000 0.000000
2.194001 0.000000 0.000000
2.220120 0.000000 0.000000
2.246239 0.000000 0.000000
2.272358 0.000000 0.000000
2.298477 0.000000 0.000000
2.324596 0.000000 0.000000
2.350715 0.000000 0.000000
2.376834 0.000000 0.000000
2.402953 0.000000 0.000000
2.429072 0.000000 0.000000
2.455191 0.000000 0.000000
2.481310 0.000000 0.000000
2.507429 0.000000 0.000000
2.533548 0.000000 0.000000
2.559667 0.000000 0.000000
2.585786 0.000000 -0.025000
2.635766 -0.001250 -0.075000
2.685620 -0.004996 -0.125000
2.735225 -0.011229 -0.175000
2.784456 -0.019933 -0.225000
2.833190 -0.031088 -0.275000
2.881307 -0.044664 -0.325000
2.928684 -0.060627 -0.375000
2.975205 -0.078939 -0.425000
3.020752 -0.099553 -0.475000
3.065212 -0.122417 -0.525000
3.108474 -0.147475 -0.575000
3.150429 -0.174664 -0.625000
3.190973 -0.203916 -0.675000
3.230004 -0.235158 -0.725000
3.267425 -0.268311 -0.775000
3.303143 -0.303293 -0.825000
3.337067 -0.340017 -0.875000
3.369113 -0.378390 -0.925000
3.399202 -0.418317 -0.975000
3.427257 -0.459698 -1.025000
3.453210 -0.502429 -1.075000
3.476994 -0.546404 -1.125000
3.498550 -0.591513 -1.175000
3.517826 -0.637642 -1.225000
3.534771 -0.684678 -1.275000
3.549345 -0.732501 -1.325000
3.561510 -0.780993 -1.375000
3.571236 -0.830033 -1.425000
3.578499 -0.879497 -1.475000
3.583281 -0.929263 -1.525000
3.585570 -0.979205 -1.575000
3.585360 -1.029200 -1.625000
3.582651 -1.079121 -1.675000
3.577451 -1.128844 -1.725000
3.569772 -1.178246 -1.775000
3.559634 -1.227202 -1.825000
3.547062 -1.275590 -1.875000
3.532087 -1.323290 -1.925000
3.514746 -1.370181 -1.975000
3.495084 -1.416147 -2.025000
3.473149 -1.461073 -2.075000
3.448996 -1.504846 -2.125000
3.422685 -1.547358 -2.175000
3.394283 -1.588501 -2.225000
3.363860 -1.628174 -2.303097
3.292893 -1.707107 -2.356194
3.289935 -1.710065 -2.356194
3.286976 -1.713024 -2.356194
3.284018 -1.715982 -2.356194
3.281059 -1.718941 -2.356194
3.278101 -1.721899 -2.356194
3.275142 -1.724858 -2.356194
3.272184 -1.727816 -2.356194
3.269225 -1.730775 -2.356194
3.266267 -1.733733 -2.356194
3.263308 -1.736692 -2.356194
3.260350 -1.739650 -2.356194
3.257391 -1.742609 -2.356194
3.254432 -1.745568 -2.356194
3.251474 -1.748526 -2.356194
3.248515 -1.751485 -2.356194
3.245557 -1.754443 -2.356194
3.242598 -1.757402 -2.356194
3.239640 -1.760360 -2.356194
3.236681 -1.763319 -2.356194
3.233723 -1.766277 -2.356194
3.230764 -1.769236 -2.356194
3.227806 -1.772194 -2.356194
3.224847 -1.775153 -2.356194
3.221889 -1.778111 -2.356194
3.218930 -1.781070 -2.356194
3.215972 -1.784028 -2.356194
3.213013 -1.786987 -2.356194
3.210055 -1.789945 -2.356194
3.207096 -1.792904 -2.356194
3.204138 -1.795862 -2.356194
3.201179 -1.798821 -2.356194
3.198221 -1.801779 -2.356194
3.195262 -1.804738 -2.356194
3.192304 -1.807696 -2.356194
3.189345 -1.810655 -2.356194
3.186387 -1.813613 -2.356194
3.183428 -1.816572 -2.356194
3.180470 -1.819530 -2.356194
3.177511 -1.822489 -2.356194
3.174553 -1.825447 -2.356194
3.171594 -1.828406 -2.356194
3.168635 -1.831365 -2.356194
3.165677 -1.834323 -2.356194
3.162718 -1.837282 -2.356194
3.159760 -1.840240 -2.356194
3.156801 -1.843199 -2.356194
3.153843 -1.846157 -2.356194
3.150884 -1.849116 -2.356194
3.147926 -1.852074 -2.356194
3.144967 -1.855033 -2.356194
3.142009 -1.857991 -2.356194
3.139050 -1.860950 -2.356194
3.136092 -1.863908 -2.356194
3.133133 -1.866867 -2.356194
3.130175 -1.869825 -2.356194
3.127216 -1.872784 -2.356194
3.124258 -1.875742 -2.356194
3.121299 -1.878701 -2.356194
3.118341 -1.881659 -2.356194
3.115382 -1.884618 -2.356194
3.112424 -1.887576 -2.356194
3.109465 -1.890535 -2.356194
3.106507 -1.893493 -2.356194
3.103548 -1.896452 -2.356194
3.100590 -1.899410 -2.356194
3.097631 -1.902369 -2.356194
3.094673 -1.905327 -2.356194
3.091714 -1.908286 -2.356194
3.088756 -1.911244 -2.356194
3.085797 -1.914203 -2.356194
3.082838 -1.917162 -2.356194
3.079880 -1.920120 -2.356194
3.076921 -1.923079 -2.356194
3.073963 -1.926037 -2.356194
3.071004 -1.928996 -2.356194
3.068046 -1.931954 -2.356194
3.065087 -1.934913 -2.356194
3.062129 -1.937871 -2.356194
3.059170 -1.940830 -2.356194
3.056212 -1.943788 -2.356194
3.053253 -1.946747 -2.356194
3.050295 -1.949705 -2.356194
3.047336 -1.952664 -2.356194
3.044378 -1.955622 -2.356194
3.041419 -1.958581 -2.356194
3.038461 -1.961539 -2.356194
3.035502 -1.964498 -2.356194
3.032544 -1.967456 -2.356194
3.029585 -1.970415 -2.356194
3.026627 -1.973373 -2.356194
3.023668 -1.976332 -2.356194
3.020710 -1.979290 -2.356194
3.017751 -1.982249 -2.356194
3.014793 -1.985207 -2.356194
3.011834 -1.988166 -2.356194
3.008876 -1.991124 -2.356194
3.005917 -1.994083 -2.356194
3.002959 -1.997041 -2.356194
3.000000 -2.000000 -2.356194
