0.000000 0.000000 0.000000
0.016018 0.000000 0.000000
0.032036 0.000000 0.000000
0.048054 0.000000 0.000000
0.064072 0.000000 0.000000
0.080090 0.000000 0.000000
0.096108 0.000000 0.000000
0.112126 0.000000 0.000000
0.128144 0.000000 0.000000
0.144162 0.000000 0.000000
0.160180 0.000000 0.000000
0.176198 0.000000 0.000000
0.192217 0.000000 0.000000
0.208235 0.000000 0.000000
0.224253 0.000000 0.000000
0.240271 0.000000 0.000000
0.256289 0.000000 0.000000
0.272307 0.000000 0.000000
0.288325 0.000000 0.000000
0.304343 0.000000 0.000000
0.320361 0.000000 0.000000
0.336379 0.000000 0.000000
0.352397 0.000000 0.000000
0.368415 0.000000 0.000000
0.384433 0.000000 0.000000
0.400451 0.000000 0.000000
0.416469 0.000000 0.000000
0.432487 0.000000 0.000000
0.448505 0.000000 0.000000
0.464523 0.000000 0.000000
0.480541 0.000000 0.000000
0.496559 0.000000 0.000000
0.512577 0.000000 0.000000
0.528595 0.000000 0.000000
0.544614 0.000000 0.000000
0.560632 0.000000 0.000000
0.576650 0.000000 0.000000
0.592668 0.000000 0.000000
0.608686 0.000000 0.000000
0.624704 0.000000 0.000000
0.640722 0.000000 0.000000
0.656740 0.000000 0.000000
0.672758 0.000000 0.000000
0.688776 0.000000 0.000000
0.704794 0.000000 0.000000
0.720812 0.000000 0.000000
0.736830 0.000000 0.000000
0.752848 0.000000 0.000000
0.768866 0.000000 0.000000
0.784884 0.000000 0.000000
0.800902 0.000000 0.000000
0.816920 0.000000 0.000000
0.832938 0.000000 0.000000
0.848956 0.000000 0.000000
0.864974 0.000000 0.000000
0.880992 0.000000 0.000000
0.897011 0.000000 0.000000
0.913029 0.000000 0.000000
0.929047 0.000000 0.000000
0.945065 0.000000 0.000000
0.961083 0.000000 0.000000
0.977101 0.000000 0.000000
0.993119 0.000000 0.000000
1.009137 0.000000 0.000000
1.025155 0.000000 0.000000
1.041173 0.000000 0.000000
1.057191 0.000000 0.000000
1.073209 0.000000 0.000000
1.089227 0.000000 0.000000
1.105245 0.000000 0.000000
1.121263 0.000000 0.000000
1.137281 0.000000 0.000000
1.153299 0.000000 0.000000
1.169317 0.000000 0.000000
1.185335 0.000000 0.000000
1.201353 0.000000 0.000000
1.217371 0.000000 0.000000
1.233389 0.000000 0.000000
1.249407 0.000000 0.000000
1.265426 0.000000 0.000000
1.281444 0.000000 0.000000
1.297462 0.000000 0.000000
1.313480 0.000000 0.000000
1.329498 0.000000 0.000000
1.345516 0.000000 0.000000
1.361534 0.000000 0.000000
1.377552 0.000000 0.000000
1.393570 0.000000 0.000000
1.409588 0.000000 0.000000
1.425606 0.000000 0.000000
1.441624 0.000000 0.000000
1.457642 0.000000 0.000000
1.473660 0.000000 0.000000
1.489678 0.000000 0.000000
1.505696 0.000000 0.000000
1.521714 0.000000 0.000000
1.537732 0.000000 0.000000
1.553750 0.000000 0.000000
1.569768 0.000000 0.000000
1.585786 0.000000 0.025000
1.635766 0.001250 0.075000
1.685620 0.004996 0.125000
1.735225 0.011229 0.175000
1.784456 0.019933 0.225000
1.833190 0.031088 0.275000
1.881307 0.044664 0.325000
1.928684 0.060627 0.375000
1.975205 0.078939 0.425000
2.020752 0.099553 0.475000
2.065212 0.122417 0.525000
2.108474 0.147475 0.575000
2.150429 0.174664 0.625000
2.190973 0.203916 0.675000
2.230004 0.235158 0.725000
2.267425 0.268311 0.775000
2.303143 0.303293 0.825000
2.337067 0.340017 0.875000
2.369113 0.378390 0.925000
2.399202 0.418317 0.975000
2.427257 0.459698 1.025000
2.453210 0.502429 1.075000
2.476994 0.546404 1.125000
2.498550 0.591513 1.175000
2.517826 0.637642 1.225000
2.534771 0.684678 1.275000
2.549345 0.732501 1.325000
2.561510 0.780993 1.375000
2.571236 0.830033 1.425000
2.578499 0.879497 1.475000
2.583281 0.929263 1.525000
2.585570 0.979205 1.575000
2.585360 1.029200 1.625000
2.582651 1.079121 1.675000
2.577451 1.128844 1.725000
2.569772 1.178246 1.775000
2.559634 1.227202 1.825000
2.547062 1.275590 1.875000
2.532087 1.323290 1.925000
2.514746 1.370181 1.975000
2.495084 1.416147 2.025000
2.473149 1.461073 2.075000
2.448996 1.504846 2.125000
2.422685 1.547358 2.175000
2.394283 1.588501 2.225000
2.363860 1.628174 2.303097
2.292893 1.707107 2.356194
2.289935 1.710065 2.356194
2.286976 1.713024 2.356194
2.284018 1.715982 2.356194
2.281059 1.718941 2.356194
2.278101 1.721899 2.356194
2.275142 1.724858 2.356194
2.272184 1.727816 2.356194
2.269225 1.730775 2.356194
2.266267 1.733733 2.356194
2.263308 1.736692 2.356194
2.260350 1.739650 2.356194
2.257391 1.742609 2.356194
2.254432 1.745568 2.356194
2.251474 1.748526 2.356194
2.248515 1.751485 2.356194
2.245557 1.754443 2.356194
2.242598 1.757402 2.356194
2.239640 1.760360 2.356194
2.236681 1.763319 2.356194
2.233723 1.766277 2.356194
2.230764 1.769236 2.356194
2.227806 1.772194 2.356194
2.224847 1.775153 2.356194
2.221889 1.778111 2.356194
2.218930 1.781070 2.356194
2.215972 1.784028 2.356194
2.213013 1.786987 2.356194
2.210055 1.789945 2.356194
2.207096 1.792904 2.356194
2.204138 1.795862 2.356194
2.201179 1.798821 2.356194
2.198221 1.801779 2.356194
2.195262 1.804738 2.356194
2.192304 1.807696 2.356194
2.189345 1.810655 2.356194
2.186387 1.813613 2.356194
2.183428 1.816572 2.356194
2.180470 1.819530 2.356194
2.177511 1.822489 2.356194
2.174553 1.825447 2.356194
2.171594 1.828406 2.356194
2.168635 1.831365 2.356194
2.165677 1.834323 2.356194
2.162718 1.837282 2.356194
2.159760 1.840240 2.356194
2.156801 1.843199 2.356194
2.153843 1.846157 2.356194
2.150884 1.849116 2.356194
2.147926 1.852074 2.356194
2.144967 1.855033 2.356194
2.142009 1.857991 2.356194
2.139050 1.860950 2.356194
2.136092 1.863908 2.356194
2.133133 1.866867 2.356194
2.130175 1.869825 2.356194
2.127216 1.872784 2.356194
2.124258 1.875742 2.356194
2.121299 1.878701 2.356194
2.118341 1.881659 2.356194
2.115382 1.884618 2.356194
2.112424 1.887576 2.356194
2.109465 1.890535 2.356194
2.106507 1.893493 2.356194
2.103548 1.896452 2.356194
2.100590 1.899410 2.356194
2.097631 1.902369 2.356194
2.094673 1.905327 2.356194
2.091714 1.908286 2.356194
2.088756 1.911244 2.356194
2.085797 1.914203 2.356194
2.082838 1.917162 2.356194
2.079880 1.920120 2.356194
2.076921 1.923079 2.356194
2.073963 1.926037 2.356194
2.071004 1.928996 2.356194
2.068046 1.931954 2.356194
2.065087 1.934913 2.356194
2.062129 1.937871 2.356194
2.059170 1.940830 2.356194
2.056212 1.943788 2.356194
2.053253 1.946747 2.356194
2.050295 1.949705 2.356194
2.047336 1.952664 2.356194
2.044378 1.955622 2.356194
2.041419 1.958581 2.356194
2.038461 1.961539 2.356194
2.035502 1.964498 2.356194
2.032544 1.967456 2.356194
2.029585 1.970415 2.356194
2.026627 1.973373 2.356194
2.023668 1.976332 2.356194
2.020710 1.979290 2.356194
2.017751 1.982249 2.356194
2.014793 1.985207 2.356194
2.011834 1.988166 2.356194
2.008876 1.991124 2.356194
2.005917 1.994083 2.356194
2.002959 1.997041 2.356194
2.000000 2.000000 2.356194
