0.000000 0.000000 0.000000
0.030303 0.000000 0.000000
0.060606 0.000000 0.000000
0.090909 0.000000 0.000000
0.121212 0.000000 0.000000
0.151515 0.000000 0.000000
0.181818 0.000000 0.000000
0.212121 0.000000 0.000000
0.242424 0.000000 0.000000
0.272727 0.000000 0.000000
0.303030 0.000000 0.000000
0.333333 0.000000 0.000000
0.363636 0.000000 0.000000
0.393939 0.000000 0.000000
0.424242 0.000000 0.000000
0.454545 0.000000 0.000000
0.484848 0.000000 0.000000
0.515152 0.000000 0.000000
0.545455 0.000000 0.000000
0.575758 0.000000 0.000000
0.606061 0.000000 0.000000
0.636364 0.000000 0.000000
0.666667 0.000000 0.000000
0.696970 0.000000 0.000000
0.727273 0.000000 0.000000
0.757576 0.000000 0.000000
0.787879 0.000000 0.000000
0.818182 0.000000 0.000000
0.848485 0.000000 0.000000
0.878788 0.000000 0.000000
0.909091 0.000000 0.000000
0.939394 0.000000 0.000000
0.969697 0.000000 0.000000
1.000000 0.000000 0.000000
1.030303 0.000000 0.000000
1.060606 0.000000 0.000000
1.090909 0.000000 0.000000
1.121212 0.000000 0.000000
1.151515 0.000000 0.000000
1.181818 0.000000 0.000000
1.212121 0.000000 0.000000
1.242424 0.000000 0.000000
1.272727 0.000000 0.000000
1.303030 0.000000 0.000000
1.333333 0.000000 0.000000
1.363636 0.000000 0.000000
1.393939 0.000000 0.000000
1.424242 0.000000 0.000000
1.454545 0.000000 0.000000
1.484848 0.000000 0.000000
1.515152 0.000000 0.000000
1.545455 0.000000 0.000000
1.575758 0.000000 0.000000
1.606061 0.000000 0.000000
1.636364 0.000000 0.000000
1.666667 0.000000 0.000000
1.696970 0.000000 0.000000
1.727273 0.000000 0.000000
1.757576 0.000000 0.000000
1.787879 0.000000 0.000000
1.818182 0.000000 0.000000
1.848485 0.000000 0.000000
1.878788 0.000000 0.000000
1.909091 0.000000 0.000000
1.939394 0.000000 0.000000
1.969697 0.000000 0.000000
2.000000 0.000000 0.000000
2.030303 0.000000 0.000000
2.060606 0.000000 0.000000
2.090909 0.000000 0.000000
2.121212 0.000000 0.000000
2.151515 0.000000 0.000000
2.181818 0.000000 0.000000
2.212121 0.000000 0.000000
2.242424 0.000000 0.000000
2.272727 0.000000 0.000000
2.303030 0.000000 0.000000
2.333333 0.000000 0.000000
2.363636 0.000000 0.000000
2.393939 0.000000 0.000000
2.424242 0.000000 0.000000
2.454545 0.000000 0.000000
2.484848 0.000000 0.000000
2.515152 0.000000 0.000000
2.545455 0.000000 0.000000
2.575758 0.000000 0.000000
2.606061 0.000000 0.000000
2.636364 0.000000 0.000000
2.666667 0.000000 0.000000
2.696970 0.000000 0.000000
2.727273 0.000000 0.000000
2.757576 0.000000 0.000000
2.787879 0.000000 0.000000
2.818182 0.000000 0.000000
2.848485 0.000000 0.000000
2.878788 0.000000 0.000000
2.909091 0.000000 0.000000
2.939394 0.000000 0.000000
2.969697 0.000000 0.000000
3.000000 0.000000 0.025000
3.049979 0.001250 0.075000
3.099833 0.004996 0.125000
3.149438 0.011229 0.175000
3.198669 0.019933 0.225000
3.247404 0.031088 0.275000
3.295520 0.044664 0.325000
3.342898 0.060627 0.375000
3.389418 0.078939 0.425000
3.434966 0.099553 0.475000
3.479426 0.122417 0.525000
3.522687 0.147475 0.575000
3.564642 0.174664 0.625000
3.605186 0.203916 0.675000
3.644218 0.235158 0.725000
3.681639 0.268311 0.775000
3.717356 0.303293 0.825000
3.751280 0.340017 0.875000
3.783327 0.378390 0.925000
3.813416 0.418317 0.975000
3.841471 0.459698 1.025000
3.867423 0.502429 1.075000
3.891207 0.546404 1.125000
3.912764 0.591513 1.175000
3.932039 0.637642 1.225000
3.948985 0.684678 1.275000
3.963558 0.732501 1.325000
3.975723 0.780993 1.375000
3.985450 0.830033 1.425000
3.992713 0.879497 1.510398
4.000000 1.000000 1.595796
3.998750 1.049979 1.645796
3.995004 1.099833 1.695796
3.988771 1.149438 1.745796
3.980067 1.198669 1.795796
3.968912 1.247404 1.845796
3.955336 1.295520 1.895796
3.939373 1.342898 1.945796
3.921061 1.389418 1.995796
3.900447 1.434966 2.045796
3.877583 1.479426 2.095796
3.852525 1.522687 2.145796
3.825336 1.564642 2.195796
3.796084 1.605186 2.245796
3.764842 1.644218 2.295796
3.731689 1.681639 2.345796
3.696707 1.717356 2.395796
3.659983 1.751280 2.445796
3.621610 1.783327 2.495796
3.581683 1.813416 2.545796
3.540302 1.841471 2.595796
3.497571 1.867423 2.645796
3.453596 1.891207 2.695796
3.408487 1.912764 2.745796
3.362358 1.932039 2.795796
3.315322 1.948985 2.845796
3.267499 1.963558 2.895796
3.219007 1.975723 2.945796
3.169967 1.985450 2.995796
3.120503 1.992713 3.045796
3.070737 1.997495 3.106194
3.000000 2.000000 3.141593
2.969697 2.000000 3.141593
2.939394 2.000000 3.141593
2.909091 2.000000 3.141593
2.878788 2.000000 3.141593
2.848485 2.000000 3.141593
2.818182 2.000000 3.141593
2.787879 2.000000 3.141593
2.757576 2.000000 3.141593
2.727273 2.000000 3.141593
2.696970 2.000000 3.141593
2.666667 2.000000 3.141593
2.636364 2.000000 3.141593
2.606061 2.000000 3.141593
2.575758 2.000000 3.141593
2.545455 2.000000 3.141593
2.515152 2.000000 3.141593
2.484848 2.000000 3.141593
2.454545 2.000000 3.141593
2.424242 2.000000 3.141593
2.393939 2.000000 3.141593
2.363636 2.000000 3.141593
2.333333 2.000000 3.141593
2.303030 2.000000 3.141593
2.272727 2.000000 3.141593
2.242424 2.000000 3.141593
2.212121 2.000000 3.141593
2.181818 2.000000 3.141593
2.151515 2.000000 3.141593
2.121212 2.000000 3.141593
2.090909 2.000000 3.141593
2.060606 2.000000 3.141593
2.030303 2.000000 3.141593
2.000000 2.000000 3.141593
1.969697 2.000000 3.141593
1.939394 2.000000 3.141593
1.909091 2.000000 3.141593
1.878788 2.000000 3.141593
1.848485 2.000000 3.141593
1.818182 2.000000 3.141593
1.787879 2.000000 3.141593
1.757576 2.000000 3.141593
1.727273 2.000000 3.141593
1.696970 2.000000 3.141593
1.666667 2.000000 3.141593
1.636364 2.000000 3.141593
1.606061 2.000000 3.141593
1.575758 2.000000 3.141593
1.545455 2.000000 3.141593
1.515152 2.000000 3.141593
1.484848 2.000000 3.141593
1.454545 2.000000 3.141593
1.424242 2.000000 3.141593
1.393939 2.000000 3.141593
1.363636 2.000000 3.141593
1.333333 2.000000 3.141593
1.303030 2.000000 3.141593
1.272727 2.000000 3.141593
1.242424 2.000000 3.141593
1.212121 2.000000 3.141593
1.181818 2.000000 3.141593
1.151515 2.000000 3.141593
1.121212 2.000000 3.141593
1.090909 2.000000 3.141593
1.060606 2.000000 3.141593
1.030303 2.000000 3.141593
1.000000 2.000000 3.141593
0.969697 2.000000 3.141593
0.939394 2.000000 3.141593
0.909091 2.000000 3.141593
0.878788 2.000000 3.141593
0.848485 2.000000 3.141593
0.818182 2.000000 3.141593
0.787879 2.000000 3.141593
0.757576 2.000000 3.141593
0.727273 2.000000 3.141593
0.696970 2.000000 3.141593
0.666667 2.000000 3.141593
0.636364 2.000000 3.141593
0.606061 2.000000 3.141593
0.575758 2.000000 3.141593
0.545455 2.000000 3.141593
0.515152 2.000000 3.141593
0.484848 2.000000 3.141593
0.454545 2.000000 3.141593
0.424242 2.000000 3.141593
0.393939 2.000000 3.141593
0.363636 2.000000 3.141593
0.333333 2.000000 3.141593
0.303030 2.000000 3.141593
0.272727 2.000000 3.141593
0.242424 2.000000 3.141593
0.212121 2.000000 3.141593
0.181818 2.000000 3.141593
0.151515 2.000000 3.141593
0.121212 2.000000 3.141593
0.090909 2.000000 3.141593
0.060606 2.000000 3.141593
0.030303 2.000000 3.141593
0.000000 2.000000 3.141593
