0.000000 0.000000 0.000000
0.010101 0.000000 0.000000
0.020202 0.000000 0.000000
0.030303 0.000000 0.000000
0.040404 0.000000 0.000000
0.050505 0.000000 0.000000
0.060606 0.000000 0.000000
0.070707 0.000000 0.000000
0.080808 0.000000 0.000000
0.090909 0.000000 0.000000
0.101010 0.000000 0.000000
0.111111 0.000000 0.000000
0.121212 0.000000 0.000000
0.131313 0.000000 0.000000
0.141414 0.000000 0.000000
0.151515 0.000000 0.000000
0.161616 0.000000 0.000000
0.171717 0.000000 0.000000
0.181818 0.000000 0.000000
0.191919 0.000000 0.000000
0.202020 0.000000 0.000000
0.212121 0.000000 0.000000
0.222222 0.000000 0.000000
0.232323 0.000000 0.000000
0.242424 0.000000 0.000000
0.252525 0.000000 0.000000
0.262626 0.000000 0.000000
0.272727 0.000000 0.000000
0.282828 0.000000 0.000000
0.292929 0.000000 0.000000
0.303030 0.000000 0.000000
0.313131 0.000000 0.000000
0.323232 0.000000 0.000000
0.333333 0.000000 0.000000
0.343434 0.000000 0.000000
0.353535 0.000000 0.000000
0.363636 0.000000 0.000000
0.373737 0.000000 0.000000
0.383838 0.000000 0.000000
0.393939 0.000000 0.000000
0.404040 0.000000 0.000000
0.414141 0.000000 0.000000
0.424242 0.000000 0.000000
0.434343 0.000000 0.000000
0.444444 0.000000 0.000000
0.454545 0.000000 0.000000
0.464646 0.000000 0.000000
0.474747 0.000000 0.000000
0.484848 0.000000 0.000000
0.494949 0.000000 0.000000
0.505051 0.000000 0.000000
0.515152 0.000000 0.000000
0.525253 0.000000 0.000000
0.535354 0.000000 0.000000
0.545455 0.000000 0.000000
0.555556 0.000000 0.000000
0.565657 0.000000 0.000000
0.575758 0.000000 0.000000
0.585859 0.000000 0.000000
0.595960 0.000000 0.000000
0.606061 0.000000 0.000000
0.616162 0.000000 0.000000
0.626263 0.000000 0.000000
0.636364 0.000000 0.000000
0.646465 0.000000 0.000000
0.656566 0.000000 0.000000
0.666667 0.000000 0.000000
0.676768 0.000000 0.000000
0.686869 0.000000 0.000000
0.696970 0.000000 0.000000
0.707071 0.000000 0.000000
0.717172 0.000000 0.000000
0.727273 0.000000 0.000000
0.737374 0.000000 0.000000
0.747475 0.000000 0.000000
0.757576 0.000000 0.000000
0.767677 0.000000 0.000000
0.777778 0.000000 0.000000
0.787879 0.000000 0.000000
0.797980 0.000000 0.000000
0.808081 0.000000 0.000000
0.818182 0.000000 0.000000
0.828283 0.000000 0.000000
0.838384 0.000000 0.000000
0.848485 0.000000 0.000000
0.858586 0.000000 0.000000
0.868687 0.000000 0.000000
0.878788 0.000000 0.000000
0.888889 0.000000 0.000000
0.898990 0.000000 0.000000
0.909091 0.000000 0.000000
0.919192 0.000000 0.000000
0.929293 0.000000 0.000000
0.939394 0.000000 0.000000
0.949495 0.000000 0.000000
0.959596 0.000000 0.000000
0.969697 0.000000 0.000000
0.979798 0.000000 0.000000
0.989899 0.000000 0.000000
1.000000 0.000000 -0.085398
1.169967 -0.014550 -0.220796
1.267499 -0.036442 -0.320796
1.362358 -0.067961 -0.420796
1.453596 -0.108793 -0.520796
1.540302 -0.158529 -0.620796
1.621610 -0.216673 -0.720796
1.696707 -0.282644 -0.820796
1.764842 -0.355782 -0.920796
1.825336 -0.435358 -1.020796
1.877583 -0.520574 -1.120796
1.921061 -0.610582 -1.220796
1.955336 -0.704480 -1.320796
1.980067 -0.801331 -1.420796
1.995004 -0.900167 -1.520796
2.000000 -1.000000 -1.656194
1.985450 -1.169967 -1.791593
1.963558 -1.267499 -1.891593
1.932039 -1.362358 -1.991593
1.891207 -1.453596 -2.091593
1.841471 -1.540302 -2.191593
1.783327 -1.621610 -2.291593
1.717356 -1.696707 -2.391593
1.644218 -1.764842 -2.491593
1.564642 -1.825336 -2.591593
1.479426 -1.877583 -2.691593
1.389418 -1.921061 -2.791593
1.295520 -1.955336 -2.891593
1.198669 -1.980067 -2.991593
1.099833 -1.995004 -3.091593
1.000000 -2.000000 3.141593
0.989899 -2.000000 3.141593
0.979798 -2.000000 3.141593
0.969697 -2.000000 3.141593
0.959596 -2.000000 3.141593
0.949495 -2.000000 -3.141593
0.939394 -2.000000 3.141593
0.929293 -2.000000 3.141593
0.919192 -2.000000 3.141593
0.909091 -2.000000 3.141593
0.898990 -2.000000 3.141593
0.888889 -2.000000 3.141593
0.878788 -2.000000 -3.141593
0.868687 -2.000000 3.141593
0.858586 -2.000000 3.141593
0.848485 -2.000000 3.141593
0.838384 -2.000000 3.141593
0.828283 -2.000000 3.141593
0.818182 -2.000000 -3.141593
0.808081 -2.000000 -3.141593
0.797980 -2.000000 3.141593
0.787879 -2.000000 3.141593
0.777778 -2.000000 3.141593
0.767677 -2.000000 3.141593
0.757576 -2.000000 3.141593
0.747475 -2.000000 -3.141593
0.737374 -2.000000 -3.141593
0.727273 -2.000000 3.141593
0.717172 -2.000000 3.141593
0.707071 -2.000000 -3.141593
0.696970 -2.000000 3.141593
0.686869 -2.000000 3.141593
0.676768 -2.000000 -3.141593
0.666667 -2.000000 -3.141593
0.656566 -2.000000 3.141593
0.646465 -2.000000 3.141593
0.636364 -2.000000 -3.141593
0.626263 -2.000000 3.141593
0.616162 -2.000000 3.141593
0.606061 -2.000000 -3.141593
0.595960 -2.000000 -3.141593
0.585859 -2.000000 3.141593
0.575758 -2.000000 -3.141593
0.565657 -2.000000 -3.141593
0.555556 -2.000000 3.141593
0.545455 -2.000000 3.141593
0.535354 -2.000000 -3.141593
0.525253 -2.000000 3.141593
0.515152 -2.000000 3.141593
0.505051 -2.000000 -3.141593
0.494949 -2.000000 3.141593
0.484848 -2.000000 3.141593
0.474747 -2.000000 3.141593
0.464646 -2.000000 3.141593
0.454545 -2.000000 3.141593
0.444444 -2.000000 3.141593
0.434343 -2.000000 3.141593
0.424242 -2.000000 3.141593
0.414141 -2.000000 3.141593
0.404040 -2.000000 3.141593
0.393939 -2.000000 3.141593
0.383838 -2.000000 3.141593
0.373737 -2.000000 3.141593
0.363636 -2.000000 3.141593
0.353535 -2.000000 3.141593
0.343434 -2.000000 3.141593
0.333333 -2.000000 3.141593
0.323232 -2.000000 3.141593
0.313131 -2.000000 3.141593
0.303030 -2.000000 3.141593
0.292929 -2.000000 3.141593
0.282828 -2.000000 3.141593
0.272727 -2.000000 3.141593
0.262626 -2.000000 3.141593
0.252525 -2.000000 3.141593
0.242424 -2.000000 3.141593
0.232323 -2.000000 3.141593
0.222222 -2.000000 3.141593
0.212121 -2.000000 3.141593
0.202020 -2.000000 3.141593
0.191919 -2.000000 3.141593
0.181818 -2.000000 3.141593
0.171717 -2.000000 3.141593
0.161616 -2.000000 3.141593
0.151515 -2.000000 3.141593
0.141414 -2.000000 3.141593
0.131313 -2.000000 3.141593
0.121212 -2.000000 3.141593
0.111111 -2.000000 3.141593
0.101010 -2.000000 3.141593
0.090909 -2.000000 3.141593
0.080808 -2.000000 3.141593
0.070707 -2.000000 3.141593
0.060606 -2.000000 3.141593
0.050505 -2.000000 3.141593
0.040404 -2.000000 3.141593
0.030303 -2.000000 3.141593
0.020202 -2.000000 3.141593
0.010101 -2.000000 3.141593
0.000000 -2.000000 3.141593
