3.000000 0.000000 0.025000
3.049979 0.001250 0.075000
3.099833 0.004996 0.125000
3.149438 0.011229 0.175000
3.198669 0.019933 0.225000
3.247404 0.031088 0.275000
3.295520 0.044664 0.325000
3.342898 0.060627 0.375000
3.389418 0.078939 0.425000
3.434966 0.099553 0.475000
3.479426 0.122417 0.525000
3.522687 0.147475 0.575000
3.564642 0.174664 0.625000
3.605186 0.203916 0.675000
3.644218 0.235158 0.725000
3.681639 0.268311 0.775000
3.717356 0.303293 0.825000
3.751280 0.340017 0.875000
3.783327 0.378390 0.925000
3.813416 0.418317 0.975000
3.841471 0.459698 1.025000
3.867423 0.502429 1.075000
3.891207 0.546404 1.125000
3.912764 0.591513 1.175000
3.932039 0.637642 1.225000
3.948985 0.684678 1.275000
3.963558 0.732501 1.325000
3.975723 0.780993 1.375000
3.985450 0.830033 1.425000
3.992713 0.879497 1.510398
4.000000 1.000000 1.595796
3.998750 1.049979 1.645796
3.995004 1.099833 1.695796
3.988771 1.149438 1.745796
3.980067 1.198669 1.795796
3.968912 1.247404 1.845796
3.955336 1.295520 1.895796
3.939373 1.342898 1.945796
3.921061 1.389418 1.995796
3.900447 1.434966 2.045796
3.877583 1.479426 2.095796
3.852525 1.522687 2.145796
3.825336 1.564642 2.195796
3.796084 1.605186 2.245796
3.764842 1.644218 2.295796
3.731689 1.681639 2.345796
3.696707 1.717356 2.395796
3.659983 1.751280 2.445796
3.621610 1.783327 2.495796
3.581683 1.813416 2.545796
3.540302 1.841471 2.595796
3.497571 1.867423 2.645796
3.453596 1.891207 2.695796
3.408487 1.912764 2.745796
3.362358 1.932039 2.795796
3.315322 1.948985 2.845796
3.267499 1.963558 2.895796
3.219007 1.975723 2.945796
3.169967 1.985450 2.995796
3.120503 1.992713 3.045796
3.070737 1.997495 3.106194
3.000000 2.000000 -3.116593
2.950021 1.998750 -3.066593
2.900167 1.995004 -3.016593
2.850562 1.988771 -2.966593
2.801331 1.980067 -2.916593
2.752596 1.968912 -2.866593
2.704480 1.955336 -2.816593
2.657102 1.939373 -2.766593
2.610582 1.921061 -2.716593
2.565034 1.900447 -2.666593
2.520574 1.877583 -2.616593
2.477313 1.852525 -2.566593
2.435358 1.825336 -2.516593
2.394814 1.796084 -2.466593
2.355782 1.764842 -2.416593
2.318361 1.731689 -2.366593
2.282644 1.696707 -2.316593
2.248720 1.659983 -2.266593
2.216673 1.621610 -2.216593
2.186584 1.581683 -2.166593
2.158529 1.540302 -2.116593
2.132577 1.497571 -2.066593
2.108793 1.453596 -2.016593
2.087236 1.408487 -1.966593
2.067961 1.362358 -1.916593
2.051015 1.315322 -1.866593
2.036442 1.267499 -1.816593
2.024277 1.219007 -1.766593
2.014550 1.169967 -1.716593
2.007287 1.120503 -1.666593
2.002505 1.070737 -1.606194
2.000000 1.000000 -1.545796
2.001250 0.950021 -1.495796
2.004996 0.900167 -1.445796
2.011229 0.850562 -1.395796
2.019933 0.801331 -1.345796
2.031088 0.752596 -1.295796
2.044664 0.704480 -1.245796
2.060627 0.657102 -1.195796
2.078939 0.610582 -1.145796
2.099553 0.565034 -1.095796
2.122417 0.520574 -1.045796
2.147475 0.477313 -0.995796
2.174664 0.435358 -0.945796
2.203916 0.394814 -0.895796
2.235158 0.355782 -0.845796
2.268311 0.318361 -0.795796
2.303293 0.282644 -0.745796
2.340017 0.248720 -0.695796
2.378390 0.216673 -0.645796
2.418317 0.186584 -0.595796
2.459698 0.158529 -0.545796
2.502429 0.132577 -0.495796
2.546404 0.108793 -0.445796
2.591513 0.087236 -0.395796
2.637642 0.067961 -0.345796
2.684678 0.051015 -0.295796
2.732501 0.036442 -0.245796
2.780993 0.024277 -0.195796
2.830033 0.014550 -0.145796
2.879497 0.007287 -0.095796
2.929263 0.002505 -0.035398
3.000000 0.000000 -0.035398
