0.000000 0.000000 0.000000
0.030303 0.000000 0.000000
0.060606 0.000000 0.000000
0.090909 0.000000 0.000000
0.121212 0.000000 0.000000
0.151515 0.000000 0.000000
0.181818 0.000000 0.000000
0.212121 0.000000 0.000000
0.242424 0.000000 0.000000
0.272727 0.000000 0.000000
0.303030 0.000000 0.000000
0.333333 0.000000 0.000000
0.363636 0.000000 0.000000
0.393939 0.000000 0.000000
0.424242 0.000000 0.000000
0.454545 0.000000 0.000000
0.484848 0.000000 0.000000
0.515152 0.000000 0.000000
0.545455 0.000000 0.000000
0.575758 0.000000 0.000000
0.606061 0.000000 0.000000
0.636364 0.000000 0.000000
0.666667 0.000000 0.000000
0.696970 0.000000 0.000000
0.727273 0.000000 0.000000
0.757576 0.000000 0.000000
0.787879 0.000000 0.000000
0.818182 0.000000 0.000000
0.848485 0.000000 0.000000
0.878788 0.000000 0.000000
0.909091 0.000000 0.000000
0.939394 0.000000 0.000000
0.969697 0.000000 0.000000
1.000000 0.000000 0.000000
1.030303 0.000000 0.000000
1.060606 0.000000 0.000000
1.090909 0.000000 0.000000
1.121212 0.000000 0.000000
1.151515 0.000000 0.000000
1.181818 0.000000 0.000000
1.212121 0.000000 0.000000
1.242424 0.000000 0.000000
1.272727 0.000000 0.000000
1.303030 0.000000 0.000000
1.333333 0.000000 0.000000
1.363636 0.000000 0.000000
1.393939 0.000000 0.000000
1.424242 0.000000 0.000000
1.454545 0.000000 0.000000
1.484848 0.000000 0.000000
1.515152 0.000000 0.000000
1.545455 0.000000 0.000000
1.575758 0.000000 0.000000
1.606061 0.000000 0.000000
1.636364 0.000000 0.000000
1.666667 0.000000 0.000000
1.696970 0.000000 0.000000
1.727273 0.000000 0.000000
1.757576 0.000000 0.000000
1.787879 0.000000 0.000000
1.818182 0.000000 0.000000
1.848485 0.000000 0.000000
1.878788 0.000000 0.000000
1.909091 0.000000 0.000000
1.939394 0.000000 0.000000
1.969697 0.000000 0.000000
2.000000 0.000000 0.000000
2.030303 0.000000 0.000000
2.060606 0.000000 0.000000
2.090909 0.000000 0.000000
2.121212 0.000000 0.000000
2.151515 0.000000 0.000000
2.181818 0.000000 0.000000
2.212121 0.000000 0.000000
2.242424 0.000000 0.000000
2.272727 0.000000 0.000000
2.303030 0.000000 0.000000
2.333333 0.000000 0.000000
2.363636 0.000000 0.000000
2.393939 0.000000 0.000000
2.424242 0.000000 0.000000
2.454545 0.000000 0.000000
2.484848 0.000000 0.000000
2.515152 0.000000 0.000000
2.545455 0.000000 0.000000
2.575758 0.000000 0.000000
2.606061 0.000000 0.000000
2.636364 0.000000 0.000000
2.666667 0.000000 0.000000
2.696970 0.000000 0.000000
2.727273 0.000000 0.000000
2.757576 0.000000 0.000000
2.787879 0.000000 0.000000
2.818182 0.000000 0.000000
2.848485 0.000000 0.000000
2.878788 0.000000 0.000000
2.909091 0.000000 0.000000
2.939394 0.000000 0.000000
2.969697 0.000000 0.000000
3.000000 0.000000 0.000000
