0.000000 0.000000 0.000000
0.016018 0.000000 0.000000
0.032036 0.000000 0.000000
0.048054 0.000000 0.000000
0.064072 0.000000 0.000000
0.080090 0.000000 0.000000
0.096108 0.000000 0.000000
0.112126 0.000000 0.000000
0.128144 0.000000 0.000000
0.144162 0.000000 0.000000
0.160180 0.000000 0.000000
0.176198 0.000000 0.000000
0.192217 0.000000 0.000000
0.208235 0.000000 0.000000
0.224253 0.000000 0.000000
0.240271 0.000000 0.000000
0.256289 0.000000 0.000000
0.272307 0.000000 0.000000
0.288325 0.000000 0.000000
0.304343 0.000000 0.000000
0.320361 0.000000 0.000000
0.336379 0.000000 0.000000
0.352397 0.000000 0.000000
0.368415 0.000000 0.000000
0.384433 0.000000 0.000000
0.400451 0.000000 0.000000
0.416469 0.000000 0.000000
0.432487 0.000000 0.000000
0.448505 0.000000 0.000000
0.464523 0.000000 0.000000
0.480541 0.000000 0.000000
0.496559 0.000000 0.000000
0.512577 0.000000 0.000000
0.528595 0.000000 0.000000
0.544614 0.000000 0.000000
0.560632 0.000000 0.000000
0.576650 0.000000 0.000000
0.592668 0.000000 0.000000
0.608686 0.000000 0.000000
0.624704 0.000000 0.000000
0.640722 0.000000 0.000000
0.656740 0.000000 0.000000
0.672758 0.000000 0.000000
0.688776 0.000000 0.000000
0.704794 0.000000 0.000000
0.720812 0.000000 0.000000
0.736830 0.000000 0.000000
0.752848 0.000000 0.000000
0.768866 0.000000 0.000000
0.784884 0.000000 0.000000
0.800902 0.000000 0.000000
0.816920 0.000000 0.000000
0.832938 0.000000 0.000000
0.848956 0.000000 0.000000
0.864974 0.000000 0.000000
0.880992 0.000000 0.000000
0.897011 0.000000 0.000000
0.913029 0.000000 0.000000
0.929047 0.000000 0.000000
0.945065 0.000000 0.000000
0.961083 0.000000 0.000000
0.977101 0.000000 0.000000
0.993119 0.000000 0.000000
1.009137 0.000000 0.000000
1.025155 0.000000 0.000000
1.041173 0.000000 0.000000
1.057191 0.000000 0.000000
1.073209 0.000000 0.000000
1.089227 0.000000 0.000000
1.105245 0.000000 0.000000
1.121263 0.000000 0.000000
1.137281 0.000000 0.000000
1.153299 0.000000 0.000000
1.169317 0.000000 0.000000
1.185335 0.000000 0.000000
1.201353 0.000000 0.000000
1.217371 0.000000 0.000000
1.233389 0.000000 0.000000
1.249407 0.000000 0.000000
1.265426 0.000000 0.000000
1.281444 0.000000 0.000000
1.297462 0.000000 0.000000
1.313480 0.000000 0.000000
1.329498 0.000000 0.000000
1.345516 0.000000 0.000000
1.361534 0.000000 0.000000
1.377552 0.000000 0.000000
1.393570 0.000000 0.000000
1.409588 0.000000 0.000000
1.425606 0.000000 0.000000
1.441624 0.000000 0.000000
1.457642 0.000000 0.000000
1.473660 0.000000 0.000000
1.489678 0.000000 0.000000
1.505696 0.000000 0.000000
1.521714 0.000000 0.000000
1.537732 0.000000 0.000000
1.553750 0.000000 0.000000
1.569768 0.000000 0.000000
1.585786 0.000000 0.025000
1.635766 0.001250 0.075000
1.685620 0.004996 0.125000
1.735225 0.011229 0.175000
1.784456 0.019933 0.225000
1.833190 0.031088 0.275000
1.881307 0.044664 0.325000
1.928684 0.060627 0.375000
1.975205 0.078939 0.425000
2.020752 0.099553 0.475000
2.065212 0.122417 0.525000
2.108474 0.147475 0.575000
2.150429 0.174664 0.625000
2.190973 0.203916 0.675000
2.230004 0.235158 0.742699
2.292893 0.292893 0.785398
2.310137 0.310137 0.785398
2.327380 0.327380 0.785398
2.344624 0.344624 0.785398
2.361867 0.361867 0.785398
2.379111 0.379111 0.785398
2.396354 0.396354 0.785398
2.413598 0.413598 0.785398
2.430841 0.430841 0.785398
2.448085 0.448085 0.785398
2.465328 0.465328 0.785398
2.482572 0.482572 0.785398
2.499815 0.499815 0.785398
2.517059 0.517059 0.785398
2.534302 0.534302 0.785398
2.551546 0.551546 0.785398
2.568789 0.568789 0.785398
2.586033 0.586033 0.785398
2.603276 0.603276 0.785398
2.620520 0.620520 0.785398
2.637763 0.637763 0.785398
2.655007 0.655007 0.785398
2.672250 0.672250 0.785398
2.689494 0.689494 0.785398
2.706737 0.706737 0.785398
2.723981 0.723981 0.785398
2.741224 0.741224 0.785398
2.758468 0.758468 0.785398
2.775711 0.775711 0.785398
2.792955 0.792955 0.785398
2.810198 0.810198 0.785398
2.827442 0.827442 0.785398
2.844685 0.844685 0.785398
2.861929 0.861929 0.785398
2.879172 0.879172 0.785398
2.896416 0.896416 0.785398
2.913659 0.913659 0.785398
2.930903 0.930903 0.785398
2.948146 0.948146 0.785398
2.965390 0.965390 0.785398
2.982633 0.982633 0.785398
2.999877 0.999877 0.785398
3.017120 1.017120 0.785398
3.034364 1.034364 0.785398
3.051607 1.051607 0.785398
3.068851 1.068851 0.785398
3.086094 1.086094 0.785398
3.103338 1.103338 0.785398
3.120581 1.120581 0.785398
3.137825 1.137825 0.785398
3.155068 1.155068 0.785398
3.172312 1.172312 0.785398
3.189555 1.189555 0.785398
3.206799 1.206799 0.785398
3.224042 1.224042 0.785398
3.241286 1.241286 0.785398
3.258529 1.258529 0.785398
3.275773 1.275773 0.785398
3.293016 1.293016 0.785398
3.310260 1.310260 0.785398
3.327503 1.327503 0.785398
3.344747 1.344747 0.785398
3.361990 1.361990 0.785398
3.379234 1.379234 0.785398
3.396477 1.396477 0.785398
3.413721 1.413721 0.785398
3.430964 1.430964 0.785398
3.448208 1.448208 0.785398
3.465451 1.465451 0.785398
3.482695 1.482695 0.785398
3.499938 1.499938 0.785398
3.517182 1.517182 0.785398
3.534425 1.534425 0.785398
3.551669 1.551669 0.785398
3.568912 1.568912 0.785398
3.586156 1.586156 0.785398
3.603399 1.603399 0.785398
3.620643 1.620643 0.785398
3.637886 1.637886 0.785398
3.655130 1.655130 0.785398
3.672373 1.672373 0.785398
3.689617 1.689617 0.785398
3.706860 1.706860 0.785398
3.724104 1.724104 0.785398
3.741347 1.741347 0.785398
3.758591 1.758591 0.785398
3.775834 1.775834 0.785398
3.793078 1.793078 0.785398
3.810321 1.810321 0.785398
3.827565 1.827565 0.785398
3.844808 1.844808 0.785398
3.862052 1.862052 0.785398
3.879295 1.879295 0.785398
3.896539 1.896539 0.785398
3.913782 1.913782 0.785398
3.931026 1.931026 0.785398
3.948269 1.948269 0.785398
3.965513 1.965513 0.785398
3.982756 1.982756 0.785398
4.000000 2.000000 0.785398
