0.000000 0.000000 0.000000
0.005051 0.000000 0.000000
0.010101 0.000000 0.000000
0.015152 0.000000 0.000000
0.020202 0.000000 0.000000
0.025253 0.000000 0.000000
0.030303 0.000000 0.000000
0.035354 0.000000 0.000000
0.040404 0.000000 0.000000
0.045455 0.000000 0.000000
0.050505 0.000000 0.000000
0.055556 0.000000 0.000000
0.060606 0.000000 0.000000
0.065657 0.000000 0.000000
0.070707 0.000000 0.000000
0.075758 0.000000 0.000000
0.080808 0.000000 0.000000
0.085859 0.000000 0.000000
0.090909 0.000000 0.000000
0.095960 0.000000 0.000000
0.101010 0.000000 0.000000
0.106061 0.000000 0.000000
0.111111 0.000000 0.000000
0.116162 0.000000 0.000000
0.121212 0.000000 0.000000
0.126263 0.000000 0.000000
0.131313 0.000000 0.000000
0.136364 0.000000 0.000000
0.141414 0.000000 0.000000
0.146465 0.000000 0.000000
0.151515 0.000000 0.000000
0.156566 0.000000 0.000000
0.161616 0.000000 0.000000
0.166667 0.000000 0.000000
0.171717 0.000000 0.000000
0.176768 0.000000 0.000000
0.181818 0.000000 0.000000
0.186869 0.000000 0.000000
0.191919 0.000000 0.000000
0.196970 0.000000 0.000000
0.202020 0.000000 0.000000
0.207071 0.000000 0.000000
0.212121 0.000000 0.000000
0.217172 0.000000 0.000000
0.222222 0.000000 0.000000
0.227273 0.000000 0.000000
0.232323 0.000000 0.000000
0.237374 0.000000 0.000000
0.242424 0.000000 0.000000
0.247475 0.000000 0.000000
0.252525 0.000000 0.000000
0.257576 0.000000 0.000000
0.262626 0.000000 0.000000
0.267677 0.000000 0.000000
0.272727 0.000000 0.000000
0.277778 0.000000 0.000000
0.282828 0.000000 0.000000
0.287879 0.000000 0.000000
0.292929 0.000000 0.000000
0.297980 0.000000 0.000000
0.303030 0.000000 0.000000
0.308081 0.000000 0.000000
0.313131 0.000000 0.000000
0.318182 0.000000 0.000000
0.323232 0.000000 0.000000
0.328283 0.000000 0.000000
0.333333 0.000000 0.000000
0.338384 0.000000 0.000000
0.343434 0.000000 0.000000
0.348485 0.000000 0.000000
0.353535 0.000000 0.000000
0.358586 0.000000 0.000000
0.363636 0.000000 0.000000
0.368687 0.000000 0.000000
0.373737 0.000000 0.000000
0.378788 0.000000 0.000000
0.383838 0.000000 0.000000
0.388889 0.000000 0.000000
0.393939 0.000000 0.000000
0.398990 0.000000 0.000000
0.404040 0.000000 0.000000
0.409091 0.000000 0.000000
0.414141 0.000000 0.000000
0.419192 0.000000 0.000000
0.424242 0.000000 0.000000
0.429293 0.000000 0.000000
0.434343 0.000000 0.000000
0.439394 0.000000 0.000000
0.444444 0.000000 0.000000
0.449495 0.000000 0.000000
0.454545 0.000000 0.000000
0.459596 0.000000 0.000000
0.464646 0.000000 0.000000
0.469697 0.000000 0.000000
0.474747 0.000000 0.000000
0.479798 0.000000 0.000000
0.484848 0.000000 0.000000
0.489899 0.000000 0.000000
0.494949 0.000000 0.000000
0.500000 0.000000 -0.085398
0.669967 -0.014550 -0.220796
0.767499 -0.036442 -0.320796
0.862358 -0.067961 -0.420796
0.953596 -0.108793 -0.520796
1.040302 -0.158529 -0.620796
1.121610 -0.216673 -0.720796
1.196707 -0.282644 -0.820796
1.264842 -0.355782 -0.920796
1.325336 -0.435358 -1.020796
1.377583 -0.520574 -1.120796
1.421061 -0.610582 -1.220796
1.455336 -0.704480 -1.320796
1.480067 -0.801331 -1.420796
1.495004 -0.900167 -1.520796
1.500000 -1.000000 -1.570796
1.500000 -1.005051 -1.570796
1.500000 -1.010101 -1.570796
1.500000 -1.015152 -1.570796
1.500000 -1.020202 -1.570796
1.500000 -1.025253 -1.570796
1.500000 -1.030303 -1.570796
1.500000 -1.035354 -1.570796
1.500000 -1.040404 -1.570796
1.500000 -1.045455 -1.570796
1.500000 -1.050505 -1.570796
1.500000 -1.055556 -1.570796
1.500000 -1.060606 -1.570796
1.500000 -1.065657 -1.570796
1.500000 -1.070707 -1.570796
1.500000 -1.075758 -1.570796
1.500000 -1.080808 -1.570796
1.500000 -1.085859 -1.570796
1.500000 -1.090909 -1.570796
1.500000 -1.095960 -1.570796
1.500000 -1.101010 -1.570796
1.500000 -1.106061 -1.570796
1.500000 -1.111111 -1.570796
1.500000 -1.116162 -1.570796
1.500000 -1.121212 -1.570796
1.500000 -1.126263 -1.570796
1.500000 -1.131313 -1.570796
1.500000 -1.136364 -1.570796
1.500000 -1.141414 -1.570796
1.500000 -1.146465 -1.570796
1.500000 -1.151515 -1.570796
1.500000 -1.156566 -1.570796
1.500000 -1.161616 -1.570796
1.500000 -1.166667 -1.570796
1.500000 -1.171717 -1.570796
1.500000 -1.176768 -1.570796
1.500000 -1.181818 -1.570796
1.500000 -1.186869 -1.570796
1.500000 -1.191919 -1.570796
1.500000 -1.196970 -1.570796
1.500000 -1.202020 -1.570796
1.500000 -1.207071 -1.570796
1.500000 -1.212121 -1.570796
1.500000 -1.217172 -1.570796
1.500000 -1.222222 -1.570796
1.500000 -1.227273 -1.570796
1.500000 -1.232323 -1.570796
1.500000 -1.237374 -1.570796
1.500000 -1.242424 -1.570796
1.500000 -1.247475 -1.570796
1.500000 -1.252525 -1.570796
1.500000 -1.257576 -1.570796
1.500000 -1.262626 -1.570796
1.500000 -1.267677 -1.570796
1.500000 -1.272727 -1.570796
1.500000 -1.277778 -1.570796
1.500000 -1.282828 -1.570796
1.500000 -1.287879 -1.570796
1.500000 -1.292929 -1.570796
1.500000 -1.297980 -1.570796
1.500000 -1.303030 -1.570796
1.500000 -1.308081 -1.570796
1.500000 -1.313131 -1.570796
1.500000 -1.318182 -1.570796
1.500000 -1.323232 -1.570796
1.500000 -1.328283 -1.570796
1.500000 -1.333333 -1.570796
1.500000 -1.338384 -1.570796
1.500000 -1.343434 -1.570796
1.500000 -1.348485 -1.570796
1.500000 -1.353535 -1.570796
1.500000 -1.358586 -1.570796
1.500000 -1.363636 -1.570796
1.500000 -1.368687 -1.570796
1.500000 -1.373737 -1.570796
1.500000 -1.378788 -1.570796
1.500000 -1.383838 -1.570796
1.500000 -1.388889 -1.570796
1.500000 -1.393939 -1.570796
1.500000 -1.398990 -1.570796
1.500000 -1.404040 -1.570796
1.500000 -1.409091 -1.570796
1.500000 -1.414141 -1.570796
1.500000 -1.419192 -1.570796
1.500000 -1.424242 -1.570796
1.500000 -1.429293 -1.570796
1.500000 -1.434343 -1.570796
1.500000 -1.439394 -1.570796
1.500000 -1.444444 -1.570796
1.500000 -1.449495 -1.570796
1.500000 -1.454545 -1.570796
1.500000 -1.459596 -1.570796
1.500000 -1.464646 -1.570796
1.500000 -1.469697 -1.570796
1.500000 -1.474747 -1.570796
1.500000 -1.479798 -1.570796
1.500000 -1.484848 -1.570796
1.500000 -1.489899 -1.570796
1.500000 -1.494949 -1.570796
1.500000 -1.500000 -1.570796
