2.000000 2.000000 1.570796
2.000000 2.020202 1.570796
2.000000 2.040404 1.570796
2.000000 2.060606 1.570796
2.000000 2.080808 1.570796
2.000000 2.101010 1.570796
2.000000 2.121212 1.570796
2.000000 2.141414 1.570796
2.000000 2.161616 1.570796
2.000000 2.181818 1.570796
2.000000 2.202020 1.570796
2.000000 2.222222 1.570796
2.000000 2.242424 1.570796
2.000000 2.262626 1.570796
2.000000 2.282828 1.570796
2.000000 2.303030 1.570796
2.000000 2.323232 1.570796
2.000000 2.343434 1.570796
2.000000 2.363636 1.570796
2.000000 2.383838 1.570796
2.000000 2.404040 1.570796
2.000000 2.424242 1.570796
2.000000 2.444444 1.570796
2.000000 2.464646 1.570796
2.000000 2.484848 1.570796
2.000000 2.505051 1.570796
2.000000 2.525253 1.570796
2.000000 2.545455 1.570796
2.000000 2.565657 1.570796
2.000000 2.585859 1.570796
2.000000 2.606061 1.570796
2.000000 2.626263 1.570796
2.000000 2.646465 1.570796
2.000000 2.666667 1.570796
2.000000 2.686869 1.570796
2.000000 2.707071 1.570796
2.000000 2.727273 1.570796
2.000000 2.747475 1.570796
2.000000 2.767677 1.570796
2.000000 2.787879 1.570796
2.000000 2.808081 1.570796
2.000000 2.828283 1.570796
2.000000 2.848485 1.570796
2.000000 2.868687 1.570796
2.000000 2.888889 1.570796
2.000000 2.909091 1.570796
2.000000 2.929293 1.570796
2.000000 2.949495 1.570796
2.000000 2.969697 1.570796
2.000000 2.989899 1.570796
2.000000 3.010101 1.570796
2.000000 3.030303 1.570796
2.000000 3.050505 1.570796
2.000000 3.070707 1.570796
2.000000 3.090909 1.570796
2.000000 3.111111 1.570796
2.000000 3.131313 1.570796
2.000000 3.151515 1.570796
2.000000 3.171717 1.570796
2.000000 3.191919 1.570796
2.000000 3.212121 1.570796
2.000000 3.232323 1.570796
2.000000 3.252525 1.570796
2.000000 3.272727 1.570796
2.000000 3.292929 1.570796
2.000000 3.313131 1.570796
2.000000 3.333333 1.570796
2.000000 3.353535 1.570796
2.000000 3.373737 1.570796
2.000000 3.393939 1.570796
2.000000 3.414141 1.570796
2.000000 3.434343 1.570796
2.000000 3.454545 1.570796
2.000000 3.474747 1.570796
2.000000 3.494949 1.570796
2.000000 3.515152 1.570796
2.000000 3.535354 1.570796
2.000000 3.555556 1.570796
2.000000 3.575758 1.570796
2.000000 3.595960 1.570796
2.000000 3.616162 1.570796
2.000000 3.636364 1.570796
2.000000 3.656566 1.570796
2.000000 3.676768 1.570796
2.000000 3.696970 1.570796
2.000000 3.717172 1.570796
2.000000 3.737374 1.570796
2.000000 3.757576 1.570796
2.000000 3.777778 1.570796
2.000000 3.797980 1.570796
2.000000 3.818182 1.570796
2.000000 3.838384 1.570796
2.000000 3.858586 1.570796
2.000000 3.878788 1.570796
2.000000 3.898990 1.570796
2.000000 3.919192 1.570796
2.000000 3.939394 1.570796
2.000000 3.959596 1.570796
2.000000 3.979798 1.570796
2.000000 4.000000 1.620796
1.995004 4.099833 1.720796
1.980067 4.198669 1.820796
1.955336 4.295520 1.920796
1.921061 4.389418 2.020796
1.877583 4.479426 2.120796
1.825336 4.564642 2.220796
1.764842 4.644218 2.320796
1.696707 4.717356 2.420796
1.621610 4.783327 2.520796
1.540302 4.841471 2.620796
1.453596 4.891207 2.720796
1.362358 4.932039 2.820796
1.267499 4.963558 2.920796
1.169967 4.985450 3.056194
1.000000 5.000000 0.000000
1.000000 5.000000 0.000000
1.000000 5.000000 0.000000
1.000000 5.000000 0.000000
1.000000 5.000000 0.000000
1.000000 5.000000 0.000000
1.000000 5.000000 0.000000
1.000000 5.000000 0.000000
1.000000 5.000000 0.000000
1.000000 5.000000 0.000000
1.000000 5.000000 0.000000
1.000000 5.000000 0.000000
1.000000 5.000000 0.000000
1.000000 5.000000 0.000000
1.000000 5.000000 0.000000
1.000000 5.000000 0.000000
1.000000 5.000000 1.570796
1.000000 5.000000 -1.695151
1.000000 5.000000 0.000000
1.000000 5.000000 0.000000
1.000000 5.000000 0.000000
1.000000 5.000000 0.000000
1.000000 5.000000 0.000000
1.000000 5.000000 0.000000
1.000000 5.000000 3.141593
1.000000 5.000000 0.000000
1.000000 5.000000 0.000000
1.000000 5.000000 0.000000
1.000000 5.000000 0.000000
1.000000 5.000000 0.000000
1.000000 5.000000 0.000000
1.000000 5.000000 3.141593
1.000000 5.000000 0.000000
1.000000 5.000000 0.000000
1.000000 5.000000 0.000000
1.000000 5.000000 0.000000
1.000000 5.000000 0.000000
1.000000 5.000000 0.000000
1.000000 5.000000 3.141593
1.000000 5.000000 0.000000
1.000000 5.000000 0.000000
1.000000 5.000000 3.141593
1.000000 5.000000 0.000000
1.000000 5.000000 0.000000
1.000000 5.000000 0.000000
1.000000 5.000000 3.141593
1.000000 5.000000 0.000000
1.000000 5.000000 0.000000
1.000000 5.000000 3.141593
1.000000 5.000000 0.000000
1.000000 5.000000 0.000000
1.000000 5.000000 0.000000
1.000000 5.000000 0.000000
1.000000 5.000000 0.000000
1.000000 5.000000 0.000000
1.000000 5.000000 0.000000
1.000000 5.000000 0.000000
1.000000 5.000000 0.000000
1.000000 5.000000 0.000000
1.000000 5.000000 0.000000
1.000000 5.000000 0.000000
1.000000 5.000000 0.000000
1.000000 5.000000 0.000000
1.000000 5.000000 0.000000
1.000000 5.000000 0.000000
1.000000 5.000000 0.000000
1.000000 5.000000 0.000000
1.000000 5.000000 0.000000
1.000000 5.000000 0.000000
1.000000 5.000000 0.000000
1.000000 5.000000 0.000000
1.000000 5.000000 0.000000
1.000000 5.000000 0.000000
1.000000 5.000000 0.000000
1.000000 5.000000 0.000000
1.000000 5.000000 0.000000
1.000000 5.000000 0.000000
1.000000 5.000000 0.000000
1.000000 5.000000 0.000000
1.000000 5.000000 0.000000
1.000000 5.000000 0.000000
1.000000 5.000000 0.000000
1.000000 5.000000 0.000000
1.000000 5.000000 0.000000
1.000000 5.000000 0.000000
1.000000 5.000000 0.000000
1.000000 5.000000 0.000000
1.000000 5.000000 0.000000
1.000000 5.000000 0.000000
1.000000 5.000000 0.000000
1.000000 5.000000 0.000000
1.000000 5.000000 0.000000
1.000000 5.000000 0.000000
1.000000 5.000000 0.000000
1.000000 5.000000 0.000000
1.000000 5.000000 0.000000
1.000000 5.000000 0.000000
1.000000 5.000000 0.000000
1.000000 5.000000 0.000000
1.000000 5.000000 -3.091593
0.900167 4.995004 -2.991593
0.801331 4.980067 -2.891593
0.704480 4.955336 -2.791593
0.610582 4.921061 -2.691593
0.520574 4.877583 -2.591593
0.435358 4.825336 -2.491593
0.355782 4.764842 -2.391593
0.282644 4.696707 -2.291593
0.216673 4.621610 -2.191593
0.158529 4.540302 -2.091593
0.108793 4.453596 -1.991593
0.067961 4.362358 -1.891593
0.036442 4.267499 -1.791593
0.014550 4.169967 -1.656194
0.000000 4.000000 -1.570796
0.000000 3.989899 -1.570796
0.000000 3.979798 -1.570796
0.000000 3.969697 -1.570796
0.000000 3.959596 -1.570796
0.000000 3.949495 -1.570796
0.000000 3.939394 -1.570796
0.000000 3.929293 -1.570796
0.000000 3.919192 -1.570796
0.000000 3.909091 -1.570796
0.000000 3.898990 -1.570796
0.000000 3.888889 -1.570796
0.000000 3.878788 -1.570796
0.000000 3.868687 -1.570796
0.000000 3.858586 -1.570796
0.000000 3.848485 -1.570796
0.000000 3.838384 -1.570796
0.000000 3.828283 -1.570796
0.000000 3.818182 -1.570796
0.000000 3.808081 -1.570796
0.000000 3.797980 -1.570796
0.000000 3.787879 -1.570796
0.000000 3.777778 -1.570796
0.000000 3.767677 -1.570796
0.000000 3.757576 -1.570796
0.000000 3.747475 -1.570796
0.000000 3.737374 -1.570796
0.000000 3.727273 -1.570796
0.000000 3.717172 -1.570796
0.000000 3.707071 -1.570796
0.000000 3.696970 -1.570796
0.000000 3.686869 -1.570796
0.000000 3.676768 -1.570796
0.000000 3.666667 -1.570796
0.000000 3.656566 -1.570796
0.000000 3.646465 -1.570796
0.000000 3.636364 -1.570796
0.000000 3.626263 -1.570796
0.000000 3.616162 -1.570796
0.000000 3.606061 -1.570796
0.000000 3.595960 -1.570796
0.000000 3.585859 -1.570796
0.000000 3.575758 -1.570796
0.000000 3.565657 -1.570796
0.000000 3.555556 -1.570796
0.000000 3.545455 -1.570796
0.000000 3.535354 -1.570796
0.000000 3.525253 -1.570796
0.000000 3.515152 -1.570796
0.000000 3.505051 -1.570796
-0.000000 3.494949 -1.570796
-0.000000 3.484848 -1.570796
-0.000000 3.474747 -1.570796
-0.000000 3.464646 -1.570796
-0.000000 3.454545 -1.570796
-0.000000 3.444444 -1.570796
-0.000000 3.434343 -1.570796
-0.000000 3.424242 -1.570796
-0.000000 3.414141 -1.570796
-0.000000 3.404040 -1.570796
-0.000000 3.393939 -1.570796
-0.000000 3.383838 -1.570796
-0.000000 3.373737 -1.570796
-0.000000 3.363636 -1.570796
-0.000000 3.353535 -1.570796
-0.000000 3.343434 -1.570796
-0.000000 3.333333 -1.570796
-0.000000 3.323232 -1.570796
-0.000000 3.313131 -1.570796
-0.000000 3.303030 -1.570796
-0.000000 3.292929 -1.570796
-0.000000 3.282828 -1.570796
-0.000000 3.272727 -1.570796
-0.000000 3.262626 -1.570796
-0.000000 3.252525 -1.570796
-0.000000 3.242424 -1.570796
-0.000000 3.232323 -1.570796
-0.000000 3.222222 -1.570796
-0.000000 3.212121 -1.570796
-0.000000 3.202020 -1.570796
-0.000000 3.191919 -1.570796
-0.000000 3.181818 -1.570796
-0.000000 3.171717 -1.570796
-0.000000 3.161616 -1.570796
-0.000000 3.151515 -1.570796
-0.000000 3.141414 -1.570796
-0.000000 3.131313 -1.570796
-0.000000 3.121212 -1.570796
-0.000000 3.111111 -1.570796
-0.000000 3.101010 -1.570796
-0.000000 3.090909 -1.570796
-0.000000 3.080808 -1.570796
-0.000000 3.070707 -1.570796
-0.000000 3.060606 -1.570796
-0.000000 3.050505 -1.570796
-0.000000 3.040404 -1.570796
-0.000000 3.030303 -1.570796
-0.000000 3.020202 -1.570796
-0.000000 3.010101 -1.570796
-0.000000 3.000000 -1.656194
-0.014550 2.830033 -1.791593
-0.036442 2.732501 -1.891593
-0.067961 2.637642 -1.991593
-0.108793 2.546404 -2.091593
-0.158529 2.459698 -2.191593
-0.216673 2.378390 -2.291593
-0.282644 2.303293 -2.391593
-0.355782 2.235158 -2.491593
-0.435358 2.174664 -2.591593
-0.520574 2.122417 -2.691593
-0.610582 2.078939 -2.791593
-0.704480 2.044664 -2.891593
-0.801331 2.019933 -2.991593
-0.900167 2.004996 -3.091593
-1.000000 2.000000 0.000000
-1.000000 2.000000 3.141593
-1.010101 2.000000 3.141593
-1.020202 2.000000 3.141593
-1.030303 2.000000 3.141593
-1.040404 2.000000 3.141593
-1.050505 2.000000 3.141593
-1.060606 2.000000 3.141593
-1.070707 2.000000 3.141593
-1.080808 2.000000 3.141593
-1.090909 2.000000 3.141593
-1.101010 2.000000 3.141593
-1.111111 2.000000 3.141593
-1.121212 2.000000 3.141593
-1.131313 2.000000 3.141593
-1.141414 2.000000 3.141593
-1.151515 2.000000 3.141593
-1.161616 2.000000 3.141593
-1.171717 2.000000 3.141593
-1.181818 2.000000 3.141593
-1.191919 2.000000 3.141593
-1.202020 2.000000 3.141593
-1.212121 2.000000 3.141593
-1.222222 2.000000 3.141593
-1.232323 2.000000 3.141593
-1.242424 2.000000 3.141593
-1.252525 2.000000 3.141593
-1.262626 2.000000 3.141593
-1.272727 2.000000 3.141593
-1.282828 2.000000 3.141593
-1.292929 2.000000 3.141593
-1.303030 2.000000 3.141593
-1.313131 2.000000 3.141593
-1.323232 2.000000 3.141593
-1.333333 2.000000 3.141593
-1.343434 2.000000 3.141593
-1.353535 2.000000 3.141593
-1.363636 2.000000 3.141593
-1.373737 2.000000 3.141593
-1.383838 2.000000 3.141593
-1.393939 2.000000 3.141593
-1.404040 2.000000 3.141593
-1.414141 2.000000 3.141593
-1.424242 2.000000 3.141593
-1.434343 2.000000 3.141593
-1.444444 2.000000 3.141593
-1.454545 2.000000 3.141593
-1.464646 2.000000 3.141593
-1.474747 2.000000 3.141593
-1.484848 2.000000 3.141593
-1.494949 2.000000 3.141593
-1.505051 2.000000 3.141593
-1.515152 2.000000 3.141593
-1.525253 2.000000 3.141593
-1.535354 2.000000 3.141593
-1.545455 2.000000 3.141593
-1.555556 2.000000 3.141593
-1.565657 2.000000 3.141593
-1.575758 2.000000 3.141593
-1.585859 2.000000 3.141593
-1.595960 2.000000 3.141593
-1.606061 2.000000 3.141593
-1.616162 2.000000 3.141593
-1.626263 2.000000 3.141593
-1.636364 2.000000 3.141593
-1.646465 2.000000 3.141593
-1.656566 2.000000 3.141593
-1.666667 2.000000 3.141593
-1.676768 2.000000 3.141593
-1.686869 2.000000 3.141593
-1.696970 2.000000 3.141593
-1.707071 2.000000 3.141593
-1.717172 2.000000 3.141593
-1.727273 2.000000 3.141593
-1.737374 2.000000 3.141593
-1.747475 2.000000 3.141593
-1.757576 2.000000 3.141593
-1.767677 2.000000 3.141593
-1.777778 2.000000 3.141593
-1.787879 2.000000 3.141593
-1.797980 2.000000 3.141593
-1.808081 2.000000 3.141593
-1.818182 2.000000 3.141593
-1.828283 2.000000 3.141593
-1.838384 2.000000 3.141593
-1.848485 2.000000 3.141593
-1.858586 2.000000 3.141593
-1.868687 2.000000 3.141593
-1.878788 2.000000 3.141593
-1.888889 2.000000 3.141593
-1.898990 2.000000 3.141593
-1.909091 2.000000 3.141593
-1.919192 2.000000 3.141593
-1.929293 2.000000 3.141593
-1.939394 2.000000 3.141593
-1.949495 2.000000 3.141593
-1.959596 2.000000 3.141593
-1.969697 2.000000 3.141593
-1.979798 2.000000 3.141593
-1.989899 2.000000 3.141593
-2.000000 2.000000 3.141593
