0.000000 0.000000 0.000000
0.025253 0.000000 0.000000
0.050505 0.000000 0.000000
0.075758 0.000000 0.000000
0.101010 0.000000 0.000000
0.126263 0.000000 0.000000
0.151515 0.000000 0.000000
0.176768 0.000000 0.000000
0.202020 0.000000 0.000000
0.227273 0.000000 0.000000
0.252525 0.000000 0.000000
0.277778 0.000000 0.000000
0.303030 0.000000 0.000000
0.328283 0.000000 0.000000
0.353535 0.000000 0.000000
0.378788 0.000000 0.000000
0.404040 0.000000 0.000000
0.429293 0.000000 0.000000
0.454545 0.000000 0.000000
0.479798 0.000000 0.000000
0.505051 0.000000 0.000000
0.530303 0.000000 0.000000
0.555556 0.000000 0.000000
0.580808 0.000000 0.000000
0.606061 0.000000 0.000000
0.631313 0.000000 0.000000
0.656566 0.000000 0.000000
0.681818 0.000000 0.000000
0.707071 0.000000 0.000000
0.732323 0.000000 0.000000
0.757576 0.000000 0.000000
0.782828 0.000000 0.000000
0.808081 0.000000 0.000000
0.833333 0.000000 0.000000
0.858586 0.000000 0.000000
0.883838 0.000000 0.000000
0.909091 0.000000 0.000000
0.934343 0.000000 0.000000
0.959596 0.000000 0.000000
0.984848 0.000000 0.000000
1.010101 0.000000 0.000000
1.035354 0.000000 0.000000
1.060606 0.000000 0.000000
1.085859 0.000000 0.000000
1.111111 0.000000 0.000000
1.136364 0.000000 0.000000
1.161616 0.000000 0.000000
1.186869 0.000000 0.000000
1.212121 0.000000 0.000000
1.237374 0.000000 0.000000
1.262626 0.000000 0.000000
1.287879 0.000000 0.000000
1.313131 0.000000 0.000000
1.338384 0.000000 0.000000
1.363636 0.000000 0.000000
1.388889 0.000000 0.000000
1.414141 0.000000 0.000000
1.439394 0.000000 0.000000
1.464646 0.000000 0.000000
1.489899 0.000000 0.000000
1.515152 0.000000 0.000000
1.540404 0.000000 0.000000
1.565657 0.000000 0.000000
1.590909 0.000000 0.000000
1.616162 0.000000 0.000000
1.641414 0.000000 0.000000
1.666667 0.000000 0.000000
1.691919 0.000000 0.000000
1.717172 0.000000 0.000000
1.742424 0.000000 0.000000
1.767677 0.000000 0.000000
1.792929 0.000000 0.000000
1.818182 0.000000 0.000000
1.843434 0.000000 0.000000
1.868687 0.000000 0.000000
1.893939 0.000000 0.000000
1.919192 0.000000 0.000000
1.944444 0.000000 0.000000
1.969697 0.000000 0.000000
1.994949 0.000000 0.000000
2.020202 0.000000 0.000000
2.045455 0.000000 0.000000
2.070707 0.000000 0.000000
2.095960 0.000000 0.000000
2.121212 0.000000 0.000000
2.146465 0.000000 0.000000
2.171717 0.000000 0.000000
2.196970 0.000000 0.000000
2.222222 0.000000 0.000000
2.247475 0.000000 0.000000
2.272727 0.000000 0.000000
2.297980 0.000000 0.000000
2.323232 0.000000 0.000000
2.348485 0.000000 0.000000
2.373737 0.000000 0.000000
2.398990 0.000000 0.000000
2.424242 0.000000 0.000000
2.449495 0.000000 0.000000
2.474747 0.000000 0.000000
2.500000 0.000000 -0.085398
2.754951 -0.021825 -0.220796
2.901248 -0.054663 -0.320796
3.043537 -0.101941 -0.420796
3.180394 -0.163189 -0.520796
3.310453 -0.237794 -0.620796
3.432415 -0.325010 -0.720796
3.545060 -0.423966 -0.820796
3.647263 -0.533673 -0.920796
3.738003 -0.653036 -1.020796
3.816374 -0.780862 -1.120796
3.881591 -0.915872 -1.220796
3.933005 -1.056720 -1.320796
3.970100 -1.201996 -1.420796
3.992506 -1.350250 -1.520796
4.000000 -1.500000 0.000000
4.000000 -1.500000 -1.570796
4.000000 -1.505051 -1.570796
4.000000 -1.510101 -1.570796
4.000000 -1.515152 -1.570796
4.000000 -1.520202 -1.570796
4.000000 -1.525253 -1.570796
4.000000 -1.530303 -1.570796
4.000000 -1.535354 -1.570796
4.000000 -1.540404 -1.570796
4.000000 -1.545455 -1.570796
4.000000 -1.550505 -1.570796
4.000000 -1.555556 -1.570796
4.000000 -1.560606 -1.570796
4.000000 -1.565657 -1.570796
4.000000 -1.570707 -1.570796
4.000000 -1.575758 -1.570796
4.000000 -1.580808 -1.570796
4.000000 -1.585859 -1.570796
4.000000 -1.590909 -1.570796
4.000000 -1.595960 -1.570796
4.000000 -1.601010 -1.570796
4.000000 -1.606061 -1.570796
4.000000 -1.611111 -1.570796
4.000000 -1.616162 -1.570796
4.000000 -1.621212 -1.570796
4.000000 -1.626263 -1.570796
4.000000 -1.631313 -1.570796
4.000000 -1.636364 -1.570796
4.000000 -1.641414 -1.570796
4.000000 -1.646465 -1.570796
4.000000 -1.651515 -1.570796
4.000000 -1.656566 -1.570796
4.000000 -1.661616 -1.570796
4.000000 -1.666667 -1.570796
4.000000 -1.671717 -1.570796
4.000000 -1.676768 -1.570796
4.000000 -1.681818 -1.570796
4.000000 -1.686869 -1.570796
4.000000 -1.691919 -1.570796
4.000000 -1.696970 -1.570796
4.000000 -1.702020 -1.570796
4.000000 -1.707071 -1.570796
4.000000 -1.712121 -1.570796
4.000000 -1.717172 -1.570796
4.000000 -1.722222 -1.570796
4.000000 -1.727273 -1.570796
4.000000 -1.732323 -1.570796
4.000000 -1.737374 -1.570796
4.000000 -1.742424 -1.570796
4.000000 -1.747475 -1.570796
4.000000 -1.752525 -1.570796
4.000000 -1.757576 -1.570796
4.000000 -1.762626 -1.570796
4.000000 -1.767677 -1.570796
4.000000 -1.772727 -1.570796
4.000000 -1.777778 -1.570796
4.000000 -1.782828 -1.570796
4.000000 -1.787879 -1.570796
4.000000 -1.792929 -1.570796
4.000000 -1.797980 -1.570796
4.000000 -1.803030 -1.570796
4.000000 -1.808081 -1.570796
4.000000 -1.813131 -1.570796
4.000000 -1.818182 -1.570796
4.000000 -1.823232 -1.570796
4.000000 -1.828283 -1.570796
4.000000 -1.833333 -1.570796
4.000000 -1.838384 -1.570796
4.000000 -1.843434 -1.570796
4.000000 -1.848485 -1.570796
4.000000 -1.853535 -1.570796
4.000000 -1.858586 -1.570796
4.000000 -1.863636 -1.570796
4.000000 -1.868687 -1.570796
4.000000 -1.873737 -1.570796
4.000000 -1.878788 -1.570796
4.000000 -1.883838 -1.570796
4.000000 -1.888889 -1.570796
4.000000 -1.893939 -1.570796
4.000000 -1.898990 -1.570796
4.000000 -1.904040 -1.570796
4.000000 -1.909091 -1.570796
4.000000 -1.914141 -1.570796
4.000000 -1.919192 -1.570796
4.000000 -1.924242 -1.570796
4.000000 -1.929293 -1.570796
4.000000 -1.934343 -1.570796
4.000000 -1.939394 -1.570796
4.000000 -1.944444 -1.570796
4.000000 -1.949495 -1.570796
4.000000 -1.954545 -1.570796
4.000000 -1.959596 -1.570796
4.000000 -1.964646 -1.570796
4.000000 -1.969697 -1.570796
4.000000 -1.974747 -1.570796
4.000000 -1.979798 -1.570796
4.000000 -1.984848 -1.570796
4.000000 -1.989899 -1.570796
4.000000 -1.994949 -1.570796
4.000000 -2.000000 -1.570796
