0.000000 0.000000 0.000000
0.005051 0.000000 0.000000
0.010101 0.000000 0.000000
0.015152 0.000000 0.000000
0.020202 0.000000 0.000000
0.025253 0.000000 0.000000
0.030303 0.000000 0.000000
0.035354 0.000000 0.000000
0.040404 0.000000 0.000000
0.045455 0.000000 0.000000
0.050505 0.000000 0.000000
0.055556 0.000000 0.000000
0.060606 0.000000 0.000000
0.065657 0.000000 0.000000
0.070707 0.000000 0.000000
0.075758 0.000000 0.000000
0.080808 0.000000 0.000000
0.085859 0.000000 0.000000
0.090909 0.000000 0.000000
0.095960 0.000000 0.000000
0.101010 0.000000 0.000000
0.106061 0.000000 0.000000
0.111111 0.000000 0.000000
0.116162 0.000000 0.000000
0.121212 0.000000 0.000000
0.126263 0.000000 0.000000
0.131313 0.000000 0.000000
0.136364 0.000000 0.000000
0.141414 0.000000 0.000000
0.146465 0.000000 0.000000
0.151515 0.000000 0.000000
0.156566 0.000000 0.000000
0.161616 0.000000 0.000000
0.166667 0.000000 0.000000
0.171717 0.000000 0.000000
0.176768 0.000000 0.000000
0.181818 0.000000 0.000000
0.186869 0.000000 0.000000
0.191919 0.000000 0.000000
0.196970 0.000000 0.000000
0.202020 0.000000 0.000000
0.207071 0.000000 0.000000
0.212121 0.000000 0.000000
0.217172 0.000000 0.000000
0.222222 0.000000 0.000000
0.227273 0.000000 0.000000
0.232323 0.000000 0.000000
0.237374 0.000000 0.000000
0.242424 0.000000 0.000000
0.247475 0.000000 0.000000
0.252525 0.000000 0.000000
0.257576 0.000000 0.000000
0.262626 0.000000 0.000000
0.267677 0.000000 0.000000
0.272727 0.000000 0.000000
0.277778 0.000000 0.000000
0.282828 0.000000 0.000000
0.287879 0.000000 0.000000
0.292929 0.000000 0.000000
0.297980 0.000000 0.000000
0.303030 0.000000 0.000000
0.308081 0.000000 0.000000
0.313131 0.000000 0.000000
0.318182 0.000000 0.000000
0.323232 0.000000 0.000000
0.328283 0.000000 0.000000
0.333333 0.000000 0.000000
0.338384 0.000000 0.000000
0.343434 0.000000 0.000000
0.348485 0.000000 0.000000
0.353535 0.000000 0.000000
0.358586 0.000000 0.000000
0.363636 0.000000 0.000000
0.368687 0.000000 0.000000
0.373737 0.000000 0.000000
0.378788 0.000000 0.000000
0.383838 0.000000 0.000000
0.388889 0.000000 0.000000
0.393939 0.000000 0.000000
0.398990 0.000000 0.000000
0.404040 0.000000 0.000000
0.409091 0.000000 0.000000
0.414141 0.000000 0.000000
0.419192 0.000000 0.000000
0.424242 0.000000 0.000000
0.429293 0.000000 0.000000
0.434343 0.000000 0.000000
0.439394 0.000000 0.000000
0.444444 0.000000 0.000000
0.449495 0.000000 0.000000
0.454545 0.000000 0.000000
0.459596 0.000000 0.000000
0.464646 0.000000 0.000000
0.469697 0.000000 0.000000
0.474747 0.000000 0.000000
0.479798 0.000000 0.000000
0.484848 0.000000 0.000000
0.489899 0.000000 0.000000
0.494949 0.000000 0.000000
0.500000 0.000000 0.050000
0.649750 0.007494 0.150000
0.798004 0.029900 0.250000
0.943280 0.066995 0.350000
1.084128 0.118409 0.450000
1.219138 0.183626 0.550000
1.346964 0.261997 0.650000
1.466327 0.352737 0.750000
1.576034 0.454940 0.850000
1.674990 0.567585 0.950000
1.762206 0.689547 1.050000
1.836811 0.819606 1.150000
1.898059 0.956463 1.250000
1.945337 1.098752 1.350000
1.978175 1.245049 1.485398
2.000000 1.500000 1.570796
2.000000 1.505051 1.570796
2.000000 1.510101 1.570796
2.000000 1.515152 1.570796
2.000000 1.520202 1.570796
2.000000 1.525253 1.570796
2.000000 1.530303 1.570796
2.000000 1.535354 1.570796
2.000000 1.540404 1.570796
2.000000 1.545455 1.570796
2.000000 1.550505 1.570796
2.000000 1.555556 1.570796
2.000000 1.560606 1.570796
2.000000 1.565657 1.570796
2.000000 1.570707 1.570796
2.000000 1.575758 1.570796
2.000000 1.580808 1.570796
2.000000 1.585859 1.570796
2.000000 1.590909 1.570796
2.000000 1.595960 1.570796
2.000000 1.601010 1.570796
2.000000 1.606061 1.570796
2.000000 1.611111 1.570796
2.000000 1.616162 1.570796
2.000000 1.621212 1.570796
2.000000 1.626263 1.570796
2.000000 1.631313 1.570796
2.000000 1.636364 1.570796
2.000000 1.641414 1.570796
2.000000 1.646465 1.570796
2.000000 1.651515 1.570796
2.000000 1.656566 1.570796
2.000000 1.661616 1.570796
2.000000 1.666667 1.570796
2.000000 1.671717 1.570796
2.000000 1.676768 1.570796
2.000000 1.681818 1.570796
2.000000 1.686869 1.570796
2.000000 1.691919 1.570796
2.000000 1.696970 1.570796
2.000000 1.702020 1.570796
2.000000 1.707071 1.570796
2.000000 1.712121 1.570796
2.000000 1.717172 1.570796
2.000000 1.722222 1.570796
2.000000 1.727273 1.570796
2.000000 1.732323 1.570796
2.000000 1.737374 1.570796
2.000000 1.742424 1.570796
2.000000 1.747475 1.570796
2.000000 1.752525 1.570796
2.000000 1.757576 1.570796
2.000000 1.762626 1.570796
2.000000 1.767677 1.570796
2.000000 1.772727 1.570796
2.000000 1.777778 1.570796
2.000000 1.782828 1.570796
2.000000 1.787879 1.570796
2.000000 1.792929 1.570796
2.000000 1.797980 1.570796
2.000000 1.803030 1.570796
2.000000 1.808081 1.570796
2.000000 1.813131 1.570796
2.000000 1.818182 1.570796
2.000000 1.823232 1.570796
2.000000 1.828283 1.570796
2.000000 1.833333 1.570796
2.000000 1.838384 1.570796
2.000000 1.843434 1.570796
2.000000 1.848485 1.570796
2.000000 1.853535 1.570796
2.000000 1.858586 1.570796
2.000000 1.863636 1.570796
2.000000 1.868687 1.570796
2.000000 1.873737 1.570796
2.000000 1.878788 1.570796
2.000000 1.883838 1.570796
2.000000 1.888889 1.570796
2.000000 1.893939 1.570796
2.000000 1.898990 1.570796
2.000000 1.904040 1.570796
2.000000 1.909091 1.570796
2.000000 1.914141 1.570796
2.000000 1.919192 1.570796
2.000000 1.924242 1.570796
2.000000 1.929293 1.570796
2.000000 1.934343 1.570796
2.000000 1.939394 1.570796
2.000000 1.944444 1.570796
2.000000 1.949495 1.570796
2.000000 1.954545 1.570796
2.000000 1.959596 1.570796
2.000000 1.964646 1.570796
2.000000 1.969697 1.570796
2.000000 1.974747 1.570796
2.000000 1.979798 1.570796
2.000000 1.984848 1.570796
2.000000 1.989899 1.570796
2.000000 1.994949 1.570796
2.000000 2.000000 1.570796
