0.000000 2.000000 3.141593
-0.030303 2.000000 3.141593
-0.060606 2.000000 3.141593
-0.090909 2.000000 3.141593
-0.121212 2.000000 3.141593
-0.151515 2.000000 3.141593
-0.181818 2.000000 3.141593
-0.212121 2.000000 3.141593
-0.242424 2.000000 3.141593
-0.272727 2.000000 3.141593
-0.303030 2.000000 3.141593
-0.333333 2.000000 3.141593
-0.363636 2.000000 3.141593
-0.393939 2.000000 3.141593
-0.424242 2.000000 3.141593
-0.454545 2.000000 3.141593
-0.484848 2.000000 3.141593
-0.515152 2.000000 -3.141593
-0.545455 2.000000 3.141593
-0.575758 2.000000 3.141593
-0.606061 2.000000 3.141593
-0.636364 2.000000 3.141593
-0.666667 2.000000 3.141593
-0.696970 2.000000 3.141593
-0.727273 2.000000 -3.141593
-0.757576 2.000000 3.141593
-0.787879 2.000000 3.141593
-0.818182 2.000000 3.141593
-0.848485 2.000000 3.141593
-0.878788 2.000000 3.141593
-0.909091 2.000000 3.141593
-0.939394 2.000000 -3.141593
-0.969697 2.000000 3.141593
-1.000000 2.000000 3.141593
-1.030303 2.000000 3.141593
-1.060606 2.000000 3.141593
-1.090909 2.000000 3.141593
-1.121212 2.000000 3.141593
-1.151515 2.000000 -3.141593
-1.181818 2.000000 3.141593
-1.212121 2.000000 3.141593
-1.242424 2.000000 -3.141593
-1.272727 2.000000 3.141593
-1.303030 2.000000 3.141593
-1.333333 2.000000 3.141593
-1.363636 2.000000 -3.141593
-1.393939 2.000000 3.141593
-1.424242 2.000000 3.141593
-1.454545 2.000000 -3.141593
-1.484848 2.000000 3.141593
-1.515152 2.000000 3.141593
-1.545455 2.000000 3.141593
-1.575758 2.000000 3.141593
-1.606061 2.000000 3.141593
-1.636364 2.000000 3.141593
-1.666667 2.000000 3.141593
-1.696970 2.000000 3.141593
-1.727273 2.000000 3.141593
-1.757576 2.000000 3.141593
-1.787879 2.000000 3.141593
-1.818182 2.000000 3.141593
-1.848485 2.000000 3.141593
-1.878788 2.000000 3.141593
-1.909091 2.000000 3.141593
-1.939394 2.000000 3.141593
-1.969697 2.000000 3.141593
-2.000000 2.000000 3.141593
-2.030303 2.000000 3.141593
-2.060606 2.000000 3.141593
-2.090909 2.000000 3.141593
-2.121212 2.000000 3.141593
-2.151515 2.000000 3.141593
-2.181818 2.000000 3.141593
-2.212121 2.000000 3.141593
-2.242424 2.000000 3.141593
-2.272727 2.000000 3.141593
-2.303030 2.000000 3.141593
-2.333333 2.000000 3.141593
-2.363636 2.000000 3.141593
-2.393939 2.000000 3.141593
-2.424242 2.000000 3.141593
-2.454545 2.000000 3.141593
-2.484848 2.000000 3.141593
-2.515152 2.000000 3.141593
-2.545455 2.000000 3.141593
-2.575758 2.000000 3.141593
-2.606061 2.000000 3.141593
-2.636364 2.000000 3.141593
-2.666667 2.000000 3.141593
-2.696970 2.000000 3.141593
-2.727273 2.000000 3.141593
-2.757576 2.000000 3.141593
-2.787879 2.000000 3.141593
-2.818182 2.000000 3.141593
-2.848485 2.000000 3.141593
-2.878788 2.000000 3.141593
-2.909091 2.000000 3.141593
-2.939394 2.000000 3.141593
-2.969697 2.000000 3.141593
-3.000000 2.000000 -3.116593
-3.049979 1.998750 -3.066593
-3.099833 1.995004 -3.016593
-3.149438 1.988771 -2.966593
-3.198669 1.980067 -2.916593
-3.247404 1.968912 -2.866593
-3.295520 1.955336 -2.816593
-3.342898 1.939373 -2.766593
-3.389418 1.921061 -2.716593
-3.434966 1.900447 -2.666593
-3.479426 1.877583 -2.616593
-3.522687 1.852525 -2.566593
-3.564642 1.825336 -2.516593
-3.605186 1.796084 -2.466593
-3.644218 1.764842 -2.416593
-3.681639 1.731689 -2.366593
-3.717356 1.696707 -2.316593
-3.751280 1.659983 -2.266593
-3.783327 1.621610 -2.216593
-3.813416 1.581683 -2.166593
-3.841471 1.540302 -2.116593
-3.867423 1.497571 -2.066593
-3.891207 1.453596 -2.016593
-3.912764 1.408487 -1.966593
-3.932039 1.362358 -1.916593
-3.948985 1.315322 -1.866593
-3.963558 1.267499 -1.816593
-3.975723 1.219007 -1.766593
-3.985450 1.169967 -1.716593
-3.992713 1.120503 -1.666593
-3.997495 1.070737 -1.606194
-4.000000 1.000000 -1.545796
-3.998750 0.950021 -1.495796
-3.995004 0.900167 -1.445796
-3.988771 0.850562 -1.395796
-3.980067 0.801331 -1.345796
-3.968912 0.752596 -1.295796
-3.955336 0.704480 -1.245796
-3.939373 0.657102 -1.195796
-3.921061 0.610582 -1.145796
-3.900447 0.565034 -1.095796
-3.877583 0.520574 -1.045796
-3.852525 0.477313 -0.995796
-3.825336 0.435358 -0.945796
-3.796084 0.394814 -0.895796
-3.764842 0.355782 -0.845796
-3.731689 0.318361 -0.795796
-3.696707 0.282644 -0.745796
-3.659983 0.248720 -0.695796
-3.621610 0.216673 -0.645796
-3.581683 0.186584 -0.595796
-3.540302 0.158529 -0.545796
-3.497571 0.132577 -0.495796
-3.453596 0.108793 -0.445796
-3.408487 0.087236 -0.395796
-3.362358 0.067961 -0.345796
-3.315322 0.051015 -0.295796
-3.267499 0.036442 -0.245796
-3.219007 0.024277 -0.195796
-3.169967 0.014550 -0.145796
-3.120503 0.007287 -0.095796
-3.070737 0.002505 -0.035398
-3.000000 0.000000 0.000000
-2.969697 0.000000 0.000000
-2.939394 0.000000 0.000000
-2.909091 0.000000 0.000000
-2.878788 0.000000 0.000000
-2.848485 0.000000 0.000000
-2.818182 0.000000 0.000000
-2.787879 0.000000 0.000000
-2.757576 0.000000 0.000000
-2.727273 0.000000 0.000000
-2.696970 0.000000 0.000000
-2.666667 0.000000 0.000000
-2.636364 0.000000 0.000000
-2.606061 0.000000 0.000000
-2.575758 0.000000 0.000000
-2.545455 0.000000 0.000000
-2.515152 0.000000 0.000000
-2.484848 0.000000 0.000000
-2.454545 0.000000 0.000000
-2.424242 0.000000 0.000000
-2.393939 0.000000 0.000000
-2.363636 0.000000 0.000000
-2.333333 0.000000 0.000000
-2.303030 0.000000 0.000000
-2.272727 0.000000 0.000000
-2.242424 0.000000 0.000000
-2.212121 0.000000 0.000000
-2.181818 0.000000 0.000000
-2.151515 0.000000 0.000000
-2.121212 0.000000 0.000000
-2.090909 0.000000 0.000000
-2.060606 0.000000 0.000000
-2.030303 0.000000 0.000000
-2.000000 0.000000 0.000000
-1.969697 0.000000 0.000000
-1.939394 0.000000 0.000000
-1.909091 0.000000 0.000000
-1.878788 0.000000 0.000000
-1.848485 0.000000 0.000000
-1.818182 0.000000 0.000000
-1.787879 0.000000 0.000000
-1.757576 0.000000 0.000000
-1.727273 0.000000 0.000000
-1.696970 0.000000 0.000000
-1.666667 0.000000 0.000000
-1.636364 0.000000 0.000000
-1.606061 0.000000 0.000000
-1.575758 0.000000 0.000000
-1.545455 0.000000 0.000000
-1.515152 0.000000 0.000000
-1.484848 0.000000 0.000000
-1.454545 0.000000 0.000000
-1.424242 0.000000 0.000000
-1.393939 0.000000 0.000000
-1.363636 0.000000 0.000000
-1.333333 0.000000 0.000000
-1.303030 0.000000 0.000000
-1.272727 0.000000 0.000000
-1.242424 0.000000 0.000000
-1.212121 0.000000 0.000000
-1.181818 0.000000 0.000000
-1.151515 0.000000 0.000000
-1.121212 0.000000 0.000000
-1.090909 0.000000 0.000000
-1.060606 0.000000 0.000000
-1.030303 0.000000 0.000000
-1.000000 0.000000 0.000000
-0.969697 0.000000 0.000000
-0.939394 0.000000 0.000000
-0.909091 0.000000 0.000000
-0.878788 0.000000 0.000000
-0.848485 0.000000 0.000000
-0.818182 0.000000 0.000000
-0.787879 0.000000 0.000000
-0.757576 0.000000 0.000000
-0.727273 0.000000 0.000000
-0.696970 0.000000 0.000000
-0.666667 0.000000 0.000000
-0.636364 0.000000 0.000000
-0.606061 0.000000 0.000000
-0.575758 0.000000 0.000000
-0.545455 0.000000 0.000000
-0.515152 0.000000 0.000000
-0.484848 0.000000 0.000000
-0.454545 0.000000 0.000000
-0.424242 0.000000 0.000000
-0.393939 0.000000 0.000000
-0.363636 0.000000 0.000000
-0.333333 0.000000 0.000000
-0.303030 0.000000 0.000000
-0.272727 0.000000 0.000000
-0.242424 0.000000 0.000000
-0.212121 0.000000 0.000000
-0.181818 0.000000 0.000000
-0.151515 0.000000 0.000000
-0.121212 0.000000 0.000000
-0.090909 0.000000 0.000000
-0.060606 0.000000 0.000000
-0.030303 0.000000 0.000000
0.000000 0.000000 0.000000
