0.000000 0.000000 0.000000
0.015152 0.000000 0.000000
0.030303 0.000000 0.000000
0.045455 0.000000 0.000000
0.060606 0.000000 0.000000
0.075758 0.000000 0.000000
0.090909 0.000000 0.000000
0.106061 0.000000 0.000000
0.121212 0.000000 0.000000
0.136364 0.000000 0.000000
0.151515 0.000000 0.000000
0.166667 0.000000 0.000000
0.181818 0.000000 0.000000
0.196970 0.000000 0.000000
0.212121 0.000000 0.000000
0.227273 0.000000 0.000000
0.242424 0.000000 0.000000
0.257576 0.000000 0.000000
0.272727 0.000000 0.000000
0.287879 0.000000 0.000000
0.303030 0.000000 0.000000
0.318182 0.000000 0.000000
0.333333 0.000000 0.000000
0.348485 0.000000 0.000000
0.363636 0.000000 0.000000
0.378788 0.000000 0.000000
0.393939 0.000000 0.000000
0.409091 0.000000 0.000000
0.424242 0.000000 0.000000
0.439394 0.000000 0.000000
0.454545 0.000000 0.000000
0.469697 0.000000 0.000000
0.484848 0.000000 0.000000
0.500000 0.000000 0.000000
0.515152 0.000000 0.000000
0.530303 0.000000 0.000000
0.545455 0.000000 0.000000
0.560606 0.000000 0.000000
0.575758 0.000000 0.000000
0.590909 0.000000 0.000000
0.606061 0.000000 0.000000
0.621212 0.000000 0.000000
0.636364 0.000000 0.000000
0.651515 0.000000 0.000000
0.666667 0.000000 0.000000
0.681818 0.000000 0.000000
0.696970 0.000000 0.000000
0.712121 0.000000 0.000000
0.727273 0.000000 0.000000
0.742424 0.000000 0.000000
0.757576 0.000000 0.000000
0.772727 0.000000 0.000000
0.787879 0.000000 0.000000
0.803030 0.000000 0.000000
0.818182 0.000000 0.000000
0.833333 0.000000 0.000000
0.848485 0.000000 0.000000
0.863636 0.000000 0.000000
0.878788 0.000000 0.000000
0.893939 0.000000 0.000000
0.909091 0.000000 0.000000
0.924242 0.000000 0.000000
0.939394 0.000000 0.000000
0.954545 0.000000 0.000000
0.969697 0.000000 0.000000
0.984848 0.000000 0.000000
1.000000 0.000000 0.000000
1.015152 0.000000 0.000000
1.030303 0.000000 0.000000
1.045455 0.000000 0.000000
1.060606 0.000000 0.000000
1.075758 0.000000 0.000000
1.090909 0.000000 0.000000
1.106061 0.000000 0.000000
1.121212 0.000000 0.000000
1.136364 0.000000 0.000000
1.151515 0.000000 0.000000
1.166667 0.000000 0.000000
1.181818 0.000000 0.000000
1.196970 0.000000 0.000000
1.212121 0.000000 0.000000
1.227273 0.000000 0.000000
1.242424 0.000000 0.000000
1.257576 0.000000 0.000000
1.272727 0.000000 0.000000
1.287879 0.000000 0.000000
1.303030 0.000000 0.000000
1.318182 0.000000 0.000000
1.333333 0.000000 0.000000
1.348485 0.000000 0.000000
1.363636 0.000000 0.000000
1.378788 0.000000 0.000000
1.393939 0.000000 0.000000
1.409091 0.000000 0.000000
1.424242 0.000000 0.000000
1.439394 0.000000 0.000000
1.454545 0.000000 0.000000
1.469697 0.000000 0.000000
1.484848 0.000000 0.000000
1.500000 0.000000 0.050000
1.649750 0.007494 0.150000
1.798004 0.029900 0.250000
1.943280 0.066995 0.350000
2.084128 0.118409 0.450000
2.219138 0.183626 0.550000
2.346964 0.261997 0.650000
2.466327 0.352737 0.750000
2.576034 0.454940 0.850000
2.674990 0.567585 0.950000
2.762206 0.689547 1.050000
2.836811 0.819606 1.150000
2.898059 0.956463 1.250000
2.945337 1.098752 1.350000
2.978175 1.245049 1.485398
3.000000 1.500000 1.570796
3.000000 1.505051 1.570796
3.000000 1.510101 1.570796
3.000000 1.515152 1.570796
3.000000 1.520202 1.570796
3.000000 1.525253 1.570796
3.000000 1.530303 1.570796
3.000000 1.535354 1.570796
3.000000 1.540404 1.570796
3.000000 1.545455 1.570796
3.000000 1.550505 1.570796
3.000000 1.555556 1.570796
3.000000 1.560606 1.570796
3.000000 1.565657 1.570796
3.000000 1.570707 1.570796
3.000000 1.575758 1.570796
3.000000 1.580808 1.570796
3.000000 1.585859 1.570796
3.000000 1.590909 1.570796
3.000000 1.595960 1.570796
3.000000 1.601010 1.570796
3.000000 1.606061 1.570796
3.000000 1.611111 1.570796
3.000000 1.616162 1.570796
3.000000 1.621212 1.570796
3.000000 1.626263 1.570796
3.000000 1.631313 1.570796
3.000000 1.636364 1.570796
3.000000 1.641414 1.570796
3.000000 1.646465 1.570796
3.000000 1.651515 1.570796
3.000000 1.656566 1.570796
3.000000 1.661616 1.570796
3.000000 1.666667 1.570796
3.000000 1.671717 1.570796
3.000000 1.676768 1.570796
3.000000 1.681818 1.570796
3.000000 1.686869 1.570796
3.000000 1.691919 1.570796
3.000000 1.696970 1.570796
3.000000 1.702020 1.570796
3.000000 1.707071 1.570796
3.000000 1.712121 1.570796
3.000000 1.717172 1.570796
3.000000 1.722222 1.570796
3.000000 1.727273 1.570796
3.000000 1.732323 1.570796
3.000000 1.737374 1.570796
3.000000 1.742424 1.570796
3.000000 1.747475 1.570796
3.000000 1.752525 1.570796
3.000000 1.757576 1.570796
3.000000 1.762626 1.570796
3.000000 1.767677 1.570796
3.000000 1.772727 1.570796
3.000000 1.777778 1.570796
3.000000 1.782828 1.570796
3.000000 1.787879 1.570796
3.000000 1.792929 1.570796
3.000000 1.797980 1.570796
3.000000 1.803030 1.570796
3.000000 1.808081 1.570796
3.000000 1.813131 1.570796
3.000000 1.818182 1.570796
3.000000 1.823232 1.570796
3.000000 1.828283 1.570796
3.000000 1.833333 1.570796
3.000000 1.838384 1.570796
3.000000 1.843434 1.570796
3.000000 1.848485 1.570796
3.000000 1.853535 1.570796
3.000000 1.858586 1.570796
3.000000 1.863636 1.570796
3.000000 1.868687 1.570796
3.000000 1.873737 1.570796
3.000000 1.878788 1.570796
3.000000 1.883838 1.570796
3.000000 1.888889 1.570796
3.000000 1.893939 1.570796
3.000000 1.898990 1.570796
3.000000 1.904040 1.570796
3.000000 1.909091 1.570796
3.000000 1.914141 1.570796
3.000000 1.919192 1.570796
3.000000 1.924242 1.570796
3.000000 1.929293 1.570796
3.000000 1.934343 1.570796
3.000000 1.939394 1.570796
3.000000 1.944444 1.570796
3.000000 1.949495 1.570796
3.000000 1.954545 1.570796
3.000000 1.959596 1.570796
3.000000 1.964646 1.570796
3.000000 1.969697 1.570796
3.000000 1.974747 1.570796
3.000000 1.979798 1.570796
3.000000 1.984848 1.570796
3.000000 1.989899 1.570796
3.000000 1.994949 1.570796
3.000000 2.000000 1.570796
