3.000000 2.000000 1.570796
3.000000 2.005051 1.570796
3.000000 2.010101 1.570796
3.000000 2.015152 1.570796
3.000000 2.020202 1.570796
3.000000 2.025253 1.570796
3.000000 2.030303 1.570796
3.000000 2.035354 1.570796
3.000000 2.040404 1.570796
3.000000 2.045455 1.570796
3.000000 2.050505 1.570796
3.000000 2.055556 1.570796
3.000000 2.060606 1.570796
3.000000 2.065657 1.570796
3.000000 2.070707 1.570796
3.000000 2.075758 1.570796
3.000000 2.080808 1.570796
3.000000 2.085859 1.570796
3.000000 2.090909 1.570796
3.000000 2.095960 1.570796
3.000000 2.101010 1.570796
3.000000 2.106061 1.570796
3.000000 2.111111 1.570796
3.000000 2.116162 1.570796
3.000000 2.121212 1.570796
3.000000 2.126263 1.570796
3.000000 2.131313 1.570796
3.000000 2.136364 1.570796
3.000000 2.141414 1.570796
3.000000 2.146465 1.570796
3.000000 2.151515 1.570796
3.000000 2.156566 1.570796
3.000000 2.161616 1.570796
3.000000 2.166667 1.570796
3.000000 2.171717 1.570796
3.000000 2.176768 1.570796
3.000000 2.181818 1.570796
3.000000 2.186869 1.570796
3.000000 2.191919 1.570796
3.000000 2.196970 1.570796
3.000000 2.202020 1.570796
3.000000 2.207071 1.570796
3.000000 2.212121 1.570796
3.000000 2.217172 1.570796
3.000000 2.222222 1.570796
3.000000 2.227273 1.570796
3.000000 2.232323 1.570796
3.000000 2.237374 1.570796
3.000000 2.242424 1.570796
3.000000 2.247475 1.570796
3.000000 2.252525 1.570796
3.000000 2.257576 1.570796
3.000000 2.262626 1.570796
3.000000 2.267677 1.570796
3.000000 2.272727 1.570796
3.000000 2.277778 1.570796
3.000000 2.282828 1.570796
3.000000 2.287879 1.570796
3.000000 2.292929 1.570796
3.000000 2.297980 1.570796
3.000000 2.303030 1.570796
3.000000 2.308081 1.570796
3.000000 2.313131 1.570796
3.000000 2.318182 1.570796
3.000000 2.323232 1.570796
3.000000 2.328283 1.570796
3.000000 2.333333 1.570796
3.000000 2.338384 1.570796
3.000000 2.343434 1.570796
3.000000 2.348485 1.570796
3.000000 2.353535 1.570796
3.000000 2.358586 1.570796
3.000000 2.363636 1.570796
3.000000 2.368687 1.570796
3.000000 2.373737 1.570796
3.000000 2.378788 1.570796
3.000000 2.383838 1.570796
3.000000 2.388889 1.570796
3.000000 2.393939 1.570796
3.000000 2.398990 1.570796
3.000000 2.404040 1.570796
3.000000 2.409091 1.570796
3.000000 2.414141 1.570796
3.000000 2.419192 1.570796
3.000000 2.424242 1.570796
3.000000 2.429293 1.570796
3.000000 2.434343 1.570796
3.000000 2.439394 1.570796
3.000000 2.444444 1.570796
3.000000 2.449495 1.570796
3.000000 2.454545 1.570796
3.000000 2.459596 1.570796
3.000000 2.464646 1.570796
3.000000 2.469697 1.570796
3.000000 2.474747 1.570796
3.000000 2.479798 1.570796
3.000000 2.484848 1.570796
3.000000 2.489899 1.570796
3.000000 2.494949 1.570796
3.000000 2.500000 1.620796
2.992506 2.649750 1.720796
2.970100 2.798004 1.820796
2.933005 2.943280 1.920796
2.881591 3.084128 2.020796
2.816374 3.219138 2.120796
2.738003 3.346964 2.220796
2.647263 3.466327 2.320796
2.545060 3.576034 2.420796
2.432415 3.674990 2.520796
2.310453 3.762206 2.620796
2.180394 3.836811 2.720796
2.043537 3.898059 2.820796
1.901248 3.945337 2.920796
1.754951 3.978175 3.056194
1.500000 4.000000 3.141593
1.484848 4.000000 3.141593
1.469697 4.000000 3.141593
1.454545 4.000000 3.141593
1.439394 4.000000 3.141593
1.424242 4.000000 3.141593
1.409091 4.000000 3.141593
1.393939 4.000000 3.141593
1.378788 4.000000 3.141593
1.363636 4.000000 3.141593
1.348485 4.000000 3.141593
1.333333 4.000000 3.141593
1.318182 4.000000 3.141593
1.303030 4.000000 3.141593
1.287879 4.000000 3.141593
1.272727 4.000000 3.141593
1.257576 4.000000 3.141593
1.242424 4.000000 3.141593
1.227273 4.000000 3.141593
1.212121 4.000000 3.141593
1.196970 4.000000 3.141593
1.181818 4.000000 3.141593
1.166667 4.000000 3.141593
1.151515 4.000000 3.141593
1.136364 4.000000 3.141593
1.121212 4.000000 3.141593
1.106061 4.000000 3.141593
1.090909 4.000000 3.141593
1.075758 4.000000 3.141593
1.060606 4.000000 3.141593
1.045455 4.000000 3.141593
1.030303 4.000000 3.141593
1.015152 4.000000 3.141593
1.000000 4.000000 3.141593
0.984848 4.000000 3.141593
0.969697 4.000000 3.141593
0.954545 4.000000 3.141593
0.939394 4.000000 3.141593
0.924242 4.000000 3.141593
0.909091 4.000000 3.141593
0.893939 4.000000 3.141593
0.878788 4.000000 3.141593
0.863636 4.000000 3.141593
0.848485 4.000000 3.141593
0.833333 4.000000 3.141593
0.818182 4.000000 3.141593
0.803030 4.000000 3.141593
0.787879 4.000000 3.141593
0.772727 4.000000 3.141593
0.757576 4.000000 3.141593
0.742424 4.000000 3.141593
0.727273 4.000000 3.141593
0.712121 4.000000 3.141593
0.696970 4.000000 3.141593
0.681818 4.000000 3.141593
0.666667 4.000000 3.141593
0.651515 4.000000 3.141593
0.636364 4.000000 3.141593
0.621212 4.000000 3.141593
0.606061 4.000000 3.141593
0.590909 4.000000 3.141593
0.575758 4.000000 3.141593
0.560606 4.000000 3.141593
0.545455 4.000000 3.141593
0.530303 4.000000 3.141593
0.515152 4.000000 3.141593
0.500000 4.000000 3.141593
0.484848 4.000000 3.141593
0.469697 4.000000 3.141593
0.454545 4.000000 3.141593
0.439394 4.000000 3.141593
0.424242 4.000000 3.141593
0.409091 4.000000 3.141593
0.393939 4.000000 3.141593
0.378788 4.000000 3.141593
0.363636 4.000000 3.141593
0.348485 4.000000 3.141593
0.333333 4.000000 3.141593
0.318182 4.000000 3.141593
0.303030 4.000000 3.141593
0.287879 4.000000 3.141593
0.272727 4.000000 3.141593
0.257576 4.000000 3.141593
0.242424 4.000000 3.141593
0.227273 4.000000 3.141593
0.212121 4.000000 3.141593
0.196970 4.000000 3.141593
0.181818 4.000000 3.141593
0.166667 4.000000 3.141593
0.151515 4.000000 3.141593
0.136364 4.000000 3.141593
0.121212 4.000000 3.141593
0.106061 4.000000 3.141593
0.090909 4.000000 3.141593
0.075758 4.000000 3.141593
0.060606 4.000000 3.141593
0.045455 4.000000 3.141593
0.030303 4.000000 3.141593
0.015152 4.000000 3.141593
0.000000 4.000000 3.141593
