-2.000000 2.000000 3.141593
-2.010101 2.000000 3.141593
-2.020202 2.000000 3.141593
-2.030303 2.000000 3.141593
-2.040404 2.000000 3.141593
-2.050505 2.000000 3.141593
-2.060606 2.000000 3.141593
-2.070707 2.000000 3.141593
-2.080808 2.000000 3.141593
-2.090909 2.000000 3.141593
-2.101010 2.000000 3.141593
-2.111111 2.000000 3.141593
-2.121212 2.000000 3.141593
-2.131313 2.000000 3.141593
-2.141414 2.000000 3.141593
-2.151515 2.000000 3.141593
-2.161616 2.000000 3.141593
-2.171717 2.000000 -3.141593
-2.181818 2.000000 3.141593
-2.191919 2.000000 3.141593
-2.202020 2.000000 3.141593
-2.212121 2.000000 3.141593
-2.222222 2.000000 3.141593
-2.232323 2.000000 3.141593
-2.242424 2.000000 -3.141593
-2.252525 2.000000 3.141593
-2.262626 2.000000 3.141593
-2.272727 2.000000 3.141593
-2.282828 2.000000 3.141593
-2.292929 2.000000 3.141593
-2.303030 2.000000 3.141593
-2.313131 2.000000 -3.141593
-2.323232 2.000000 3.141593
-2.333333 2.000000 3.141593
-2.343434 2.000000 3.141593
-2.353535 2.000000 3.141593
-2.363636 2.000000 3.141593
-2.373737 2.000000 3.141593
-2.383838 2.000000 -3.141593
-2.393939 2.000000 3.141593
-2.404040 2.000000 3.141593
-2.414141 2.000000 -3.141593
-2.424242 2.000000 3.141593
-2.434343 2.000000 3.141593
-2.444444 2.000000 3.141593
-2.454545 2.000000 -3.141593
-2.464646 2.000000 3.141593
-2.474747 2.000000 3.141593
-2.484848 2.000000 -3.141593
-2.494949 2.000000 3.141593
-2.505051 2.000000 3.141593
-2.515152 2.000000 3.141593
-2.525253 2.000000 3.141593
-2.535354 2.000000 3.141593
-2.545455 2.000000 3.141593
-2.555556 2.000000 3.141593
-2.565657 2.000000 3.141593
-2.575758 2.000000 3.141593
-2.585859 2.000000 3.141593
-2.595960 2.000000 3.141593
-2.606061 2.000000 3.141593
-2.616162 2.000000 3.141593
-2.626263 2.000000 3.141593
-2.636364 2.000000 3.141593
-2.646465 2.000000 3.141593
-2.656566 2.000000 3.141593
-2.666667 2.000000 3.141593
-2.676768 2.000000 3.141593
-2.686869 2.000000 3.141593
-2.696970 2.000000 3.141593
-2.707071 2.000000 3.141593
-2.717172 2.000000 3.141593
-2.727273 2.000000 3.141593
-2.737374 2.000000 3.141593
-2.747475 2.000000 3.141593
-2.757576 2.000000 3.141593
-2.767677 2.000000 3.141593
-2.777778 2.000000 3.141593
-2.787879 2.000000 3.141593
-2.797980 2.000000 3.141593
-2.808081 2.000000 3.141593
-2.818182 2.000000 3.141593
-2.828283 2.000000 3.141593
-2.838384 2.000000 3.141593
-2.848485 2.000000 3.141593
-2.858586 2.000000 3.141593
-2.868687 2.000000 3.141593
-2.878788 2.000000 3.141593
-2.888889 2.000000 3.141593
-2.898990 2.000000 3.141593
-2.909091 2.000000 3.141593
-2.919192 2.000000 3.141593
-2.929293 2.000000 3.141593
-2.939394 2.000000 3.141593
-2.949495 2.000000 3.141593
-2.959596 2.000000 3.141593
-2.969697 2.000000 3.141593
-2.979798 2.000000 3.141593
-2.989899 2.000000 3.141593
-3.000000 2.000000 -3.091593
-3.099833 1.995004 -2.991593
-3.198669 1.980067 -2.891593
-3.295520 1.955336 -2.791593
-3.389418 1.921061 -2.691593
-3.479426 1.877583 -2.591593
-3.564642 1.825336 -2.491593
-3.644218 1.764842 -2.391593
-3.717356 1.696707 -2.291593
-3.783327 1.621610 -2.191593
-3.841471 1.540302 -2.091593
-3.891207 1.453596 -1.991593
-3.932039 1.362358 -1.891593
-3.963558 1.267499 -1.791593
-3.985450 1.169967 -1.656194
-4.000000 1.000000 0.000000
-4.000000 1.000000 0.000000
-4.000000 1.000000 0.000000
-4.000000 1.000000 0.000000
-4.000000 1.000000 0.000000
-4.000000 1.000000 0.000000
-4.000000 1.000000 0.000000
-4.000000 1.000000 0.000000
-4.000000 1.000000 0.000000
-4.000000 1.000000 0.000000
-4.000000 1.000000 0.000000
-4.000000 1.000000 0.000000
-4.000000 1.000000 0.000000
-4.000000 1.000000 0.000000
-4.000000 1.000000 0.000000
-4.000000 1.000000 0.000000
-4.000000 1.000000 0.000000
-4.000000 1.000000 -1.570796
-4.000000 1.000000 1.570796
-4.000000 1.000000 0.000000
-4.000000 1.000000 0.000000
-4.000000 1.000000 0.000000
-4.000000 1.000000 0.000000
-4.000000 1.000000 0.000000
-4.000000 1.000000 -1.570796
-4.000000 1.000000 1.570796
-4.000000 1.000000 0.000000
-4.000000 1.000000 0.000000
-4.000000 1.000000 0.000000
-4.000000 1.000000 0.000000
-4.000000 1.000000 0.000000
-4.000000 1.000000 -1.570796
-4.000000 1.000000 1.570796
-4.000000 1.000000 0.000000
-4.000000 1.000000 0.000000
-4.000000 1.000000 0.000000
-4.000000 1.000000 0.000000
-4.000000 1.000000 0.000000
-4.000000 1.000000 -1.570796
-4.000000 1.000000 1.570796
-4.000000 1.000000 0.000000
-4.000000 1.000000 -1.570796
-4.000000 1.000000 1.570796
-4.000000 1.000000 0.000000
-4.000000 1.000000 0.000000
-4.000000 1.000000 -1.570796
-4.000000 1.000000 1.570796
-4.000000 1.000000 0.000000
-4.000000 1.000000 -1.570796
-4.000000 1.000000 0.000000
-4.000000 1.000000 0.000000
-4.000000 1.000000 0.000000
-4.000000 1.000000 0.000000
-4.000000 1.000000 0.000000
-4.000000 1.000000 0.000000
-4.000000 1.000000 0.000000
-4.000000 1.000000 0.000000
-4.000000 1.000000 0.000000
-4.000000 1.000000 0.000000
-4.000000 1.000000 0.000000
-4.000000 1.000000 0.000000
-4.000000 1.000000 0.000000
-4.000000 1.000000 0.000000
-4.000000 1.000000 0.000000
-4.000000 1.000000 0.000000
-4.000000 1.000000 0.000000
-4.000000 1.000000 0.000000
-4.000000 1.000000 0.000000
-4.000000 1.000000 0.000000
-4.000000 1.000000 0.000000
-4.000000 1.000000 0.000000
-4.000000 1.000000 0.000000
-4.000000 1.000000 0.000000
-4.000000 1.000000 0.000000
-4.000000 1.000000 0.000000
-4.000000 1.000000 0.000000
-4.000000 1.000000 0.000000
-4.000000 1.000000 0.000000
-4.000000 1.000000 0.000000
-4.000000 1.000000 0.000000
-4.000000 1.000000 0.000000
-4.000000 1.000000 0.000000
-4.000000 1.000000 0.000000
-4.000000 1.000000 0.000000
-4.000000 1.000000 0.000000
-4.000000 1.000000 0.000000
-4.000000 1.000000 0.000000
-4.000000 1.000000 0.000000
-4.000000 1.000000 0.000000
-4.000000 1.000000 0.000000
-4.000000 1.000000 0.000000
-4.000000 1.000000 0.000000
-4.000000 1.000000 0.000000
-4.000000 1.000000 0.000000
-4.000000 1.000000 0.000000
-4.000000 1.000000 0.000000
-4.000000 1.000000 0.000000
-4.000000 1.000000 0.000000
-4.000000 1.000000 0.000000
-4.000000 1.000000 -1.520796
-3.995004 0.900167 -1.420796
-3.980067 0.801331 -1.320796
-3.955336 0.704480 -1.220796
-3.921061 0.610582 -1.120796
-3.877583 0.520574 -1.020796
-3.825336 0.435358 -0.920796
-3.764842 0.355782 -0.820796
-3.696707 0.282644 -0.720796
-3.621610 0.216673 -0.620796
-3.540302 0.158529 -0.520796
-3.453596 0.108793 -0.420796
-3.362358 0.067961 -0.320796
-3.267499 0.036442 -0.220796
-3.169967 0.014550 -0.085398
-3.000000 0.000000 0.000000
-2.969697 0.000000 0.000000
-2.939394 0.000000 0.000000
-2.909091 0.000000 0.000000
-2.878788 0.000000 0.000000
-2.848485 0.000000 0.000000
-2.818182 0.000000 0.000000
-2.787879 0.000000 0.000000
-2.757576 0.000000 0.000000
-2.727273 0.000000 0.000000
-2.696970 0.000000 0.000000
-2.666667 0.000000 0.000000
-2.636364 0.000000 0.000000
-2.606061 0.000000 0.000000
-2.575758 0.000000 0.000000
-2.545455 0.000000 0.000000
-2.515152 0.000000 0.000000
-2.484848 0.000000 0.000000
-2.454545 0.000000 0.000000
-2.424242 0.000000 0.000000
-2.393939 0.000000 0.000000
-2.363636 0.000000 0.000000
-2.333333 0.000000 0.000000
-2.303030 0.000000 0.000000
-2.272727 0.000000 0.000000
-2.242424 0.000000 0.000000
-2.212121 0.000000 0.000000
-2.181818 0.000000 0.000000
-2.151515 0.000000 0.000000
-2.121212 0.000000 0.000000
-2.090909 0.000000 0.000000
-2.060606 0.000000 0.000000
-2.030303 0.000000 0.000000
-2.000000 0.000000 0.000000
-1.969697 0.000000 0.000000
-1.939394 0.000000 0.000000
-1.909091 0.000000 0.000000
-1.878788 0.000000 0.000000
-1.848485 0.000000 0.000000
-1.818182 0.000000 0.000000
-1.787879 0.000000 0.000000
-1.757576 0.000000 0.000000
-1.727273 0.000000 0.000000
-1.696970 0.000000 0.000000
-1.666667 0.000000 0.000000
-1.636364 0.000000 0.000000
-1.606061 0.000000 0.000000
-1.575758 0.000000 0.000000
-1.545455 0.000000 0.000000
-1.515152 0.000000 0.000000
-1.484848 0.000000 0.000000
-1.454545 0.000000 0.000000
-1.424242 0.000000 0.000000
-1.393939 0.000000 0.000000
-1.363636 0.000000 0.000000
-1.333333 0.000000 0.000000
-1.303030 0.000000 0.000000
-1.272727 0.000000 0.000000
-1.242424 0.000000 0.000000
-1.212121 0.000000 0.000000
-1.181818 0.000000 0.000000
-1.151515 0.000000 0.000000
-1.121212 0.000000 0.000000
-1.090909 0.000000 0.000000
-1.060606 0.000000 0.000000
-1.030303 0.000000 0.000000
-1.000000 0.000000 0.000000
-0.969697 0.000000 0.000000
-0.939394 0.000000 0.000000
-0.909091 0.000000 0.000000
-0.878788 0.000000 0.000000
-0.848485 0.000000 0.000000
-0.818182 0.000000 0.000000
-0.787879 0.000000 0.000000
-0.757576 0.000000 0.000000
-0.727273 0.000000 0.000000
-0.696970 0.000000 0.000000
-0.666667 0.000000 0.000000
-0.636364 0.000000 0.000000
-0.606061 0.000000 0.000000
-0.575758 0.000000 0.000000
-0.545455 0.000000 0.000000
-0.515152 0.000000 0.000000
-0.484848 0.000000 0.000000
-0.454545 0.000000 0.000000
-0.424242 0.000000 0.000000
-0.393939 0.000000 0.000000
-0.363636 0.000000 0.000000
-0.333333 0.000000 0.000000
-0.303030 0.000000 0.000000
-0.272727 0.000000 0.000000
-0.242424 0.000000 0.000000
-0.212121 0.000000 0.000000
-0.181818 0.000000 0.000000
-0.151515 0.000000 0.000000
-0.121212 0.000000 0.000000
-0.090909 0.000000 0.000000
-0.060606 0.000000 0.000000
-0.030303 0.000000 0.000000
0.000000 0.000000 0.000000
