0.000000 0.000000 0.000000
0.025253 0.000000 0.000000
0.050505 0.000000 0.000000
0.075758 0.000000 0.000000
0.101010 0.000000 0.000000
0.126263 0.000000 0.000000
0.151515 0.000000 0.000000
0.176768 0.000000 0.000000
0.202020 0.000000 0.000000
0.227273 0.000000 0.000000
0.252525 0.000000 0.000000
0.277778 0.000000 0.000000
0.303030 0.000000 0.000000
0.328283 0.000000 0.000000
0.353535 0.000000 0.000000
0.378788 0.000000 0.000000
0.404040 0.000000 0.000000
0.429293 0.000000 0.000000
0.454545 0.000000 0.000000
0.479798 0.000000 0.000000
0.505051 0.000000 0.000000
0.530303 0.000000 0.000000
0.555556 0.000000 0.000000
0.580808 0.000000 0.000000
0.606061 0.000000 0.000000
0.631313 0.000000 0.000000
0.656566 0.000000 0.000000
0.681818 0.000000 0.000000
0.707071 0.000000 0.000000
0.732323 0.000000 0.000000
0.757576 0.000000 0.000000
0.782828 0.000000 0.000000
0.808081 0.000000 0.000000
0.833333 0.000000 0.000000
0.858586 0.000000 0.000000
0.883838 0.000000 0.000000
0.909091 0.000000 0.000000
0.934343 0.000000 0.000000
0.959596 0.000000 0.000000
0.984848 0.000000 0.000000
1.010101 0.000000 0.000000
1.035354 0.000000 0.000000
1.060606 0.000000 0.000000
1.085859 0.000000 0.000000
1.111111 0.000000 0.000000
1.136364 0.000000 0.000000
1.161616 0.000000 0.000000
1.186869 0.000000 0.000000
1.212121 0.000000 0.000000
1.237374 0.000000 0.000000
1.262626 0.000000 0.000000
1.287879 0.000000 0.000000
1.313131 0.000000 0.000000
1.338384 0.000000 0.000000
1.363636 0.000000 0.000000
1.388889 0.000000 0.000000
1.414141 0.000000 0.000000
1.439394 0.000000 0.000000
1.464646 0.000000 0.000000
1.489899 0.000000 0.000000
1.515152 0.000000 0.000000
1.540404 0.000000 0.000000
1.565657 0.000000 0.000000
1.590909 0.000000 0.000000
1.616162 0.000000 0.000000
1.641414 0.000000 0.000000
1.666667 0.000000 0.000000
1.691919 0.000000 0.000000
1.717172 0.000000 0.000000
1.742424 0.000000 0.000000
1.767677 0.000000 0.000000
1.792929 0.000000 0.000000
1.818182 0.000000 0.000000
1.843434 0.000000 0.000000
1.868687 0.000000 0.000000
1.893939 0.000000 0.000000
1.919192 0.000000 0.000000
1.944444 0.000000 0.000000
1.969697 0.000000 0.000000
1.994949 0.000000 0.000000
2.020202 0.000000 0.000000
2.045455 0.000000 0.000000
2.070707 0.000000 0.000000
2.095960 0.000000 0.000000
2.121212 0.000000 0.000000
2.146465 0.000000 0.000000
2.171717 0.000000 0.000000
2.196970 0.000000 0.000000
2.222222 0.000000 0.000000
2.247475 0.000000 0.000000
2.272727 0.000000 0.000000
2.297980 0.000000 0.000000
2.323232 0.000000 0.000000
2.348485 0.000000 0.000000
2.373737 0.000000 0.000000
2.398990 0.000000 0.000000
2.424242 0.000000 0.000000
2.449495 0.000000 0.000000
2.474747 0.000000 0.000000
2.500000 0.000000 -0.085398
2.754951 -0.021825 -0.220796
2.901248 -0.054663 -0.320796
3.043537 -0.101941 -0.420796
3.180394 -0.163189 -0.520796
3.310453 -0.237794 -0.620796
3.432415 -0.325010 -0.720796
3.545060 -0.423966 -0.820796
3.647263 -0.533673 -0.920796
3.738003 -0.653036 -1.020796
3.816374 -0.780862 -1.120796
3.881591 -0.915872 -1.220796
3.933005 -1.056720 -1.320796
3.970100 -1.201996 -1.420796
3.992506 -1.350250 -1.520796
4.000000 -1.500000 0.000000
4.000000 -1.500000 -1.570796
4.000000 -1.525253 -1.570796
4.000000 -1.550505 -1.570796
4.000000 -1.575758 -1.570796
4.000000 -1.601010 -1.570796
4.000000 -1.626263 -1.570796
4.000000 -1.651515 -1.570796
4.000000 -1.676768 -1.570796
4.000000 -1.702020 -1.570796
4.000000 -1.727273 -1.570796
4.000000 -1.752525 -1.570796
4.000000 -1.777778 -1.570796
4.000000 -1.803030 -1.570796
4.000000 -1.828283 -1.570796
4.000000 -1.853535 -1.570796
4.000000 -1.878788 -1.570796
4.000000 -1.904040 -1.570796
4.000000 -1.929293 -1.570796
4.000000 -1.954545 -1.570796
4.000000 -1.979798 -1.570796
4.000000 -2.005051 -1.570796
4.000000 -2.030303 -1.570796
4.000000 -2.055556 -1.570796
4.000000 -2.080808 -1.570796
4.000000 -2.106061 -1.570796
4.000000 -2.131313 -1.570796
4.000000 -2.156566 -1.570796
4.000000 -2.181818 -1.570796
4.000000 -2.207071 -1.570796
4.000000 -2.232323 -1.570796
4.000000 -2.257576 -1.570796
4.000000 -2.282828 -1.570796
4.000000 -2.308081 -1.570796
4.000000 -2.333333 -1.570796
4.000000 -2.358586 -1.570796
4.000000 -2.383838 -1.570796
4.000000 -2.409091 -1.570796
4.000000 -2.434343 -1.570796
4.000000 -2.459596 -1.570796
4.000000 -2.484848 -1.570796
4.000000 -2.510101 -1.570796
4.000000 -2.535354 -1.570796
4.000000 -2.560606 -1.570796
4.000000 -2.585859 -1.570796
4.000000 -2.611111 -1.570796
4.000000 -2.636364 -1.570796
4.000000 -2.661616 -1.570796
4.000000 -2.686869 -1.570796
4.000000 -2.712121 -1.570796
4.000000 -2.737374 -1.570796
4.000000 -2.762626 -1.570796
4.000000 -2.787879 -1.570796
4.000000 -2.813131 -1.570796
4.000000 -2.838384 -1.570796
4.000000 -2.863636 -1.570796
4.000000 -2.888889 -1.570796
4.000000 -2.914141 -1.570796
4.000000 -2.939394 -1.570796
4.000000 -2.964646 -1.570796
4.000000 -2.989899 -1.570796
4.000000 -3.015152 -1.570796
4.000000 -3.040404 -1.570796
4.000000 -3.065657 -1.570796
4.000000 -3.090909 -1.570796
4.000000 -3.116162 -1.570796
4.000000 -3.141414 -1.570796
4.000000 -3.166667 -1.570796
4.000000 -3.191919 -1.570796
4.000000 -3.217172 -1.570796
4.000000 -3.242424 -1.570796
4.000000 -3.267677 -1.570796
4.000000 -3.292929 -1.570796
4.000000 -3.318182 -1.570796
4.000000 -3.343434 -1.570796
4.000000 -3.368687 -1.570796
4.000000 -3.393939 -1.570796
4.000000 -3.419192 -1.570796
4.000000 -3.444444 -1.570796
4.000000 -3.469697 -1.570796
4.000000 -3.494949 -1.570796
4.000000 -3.520202 -1.570796
4.000000 -3.545455 -1.570796
4.000000 -3.570707 -1.570796
4.000000 -3.595960 -1.570796
4.000000 -3.621212 -1.570796
4.000000 -3.646465 -1.570796
4.000000 -3.671717 -1.570796
4.000000 -3.696970 -1.570796
4.000000 -3.722222 -1.570796
4.000000 -3.747475 -1.570796
4.000000 -3.772727 -1.570796
4.000000 -3.797980 -1.570796
4.000000 -3.823232 -1.570796
4.000000 -3.848485 -1.570796
4.000000 -3.873737 -1.570796
4.000000 -3.898990 -1.570796
4.000000 -3.924242 -1.570796
4.000000 -3.949495 -1.570796
4.000000 -3.974747 -1.570796
4.000000 -4.000000 -1.570796
