0.000000 0.000000 0.000000
0.010101 0.000000 0.000000
0.020202 0.000000 0.000000
0.030303 0.000000 0.000000
0.040404 0.000000 0.000000
0.050505 0.000000 0.000000
0.060606 0.000000 0.000000
0.070707 0.000000 0.000000
0.080808 0.000000 0.000000
0.090909 0.000000 0.000000
0.101010 0.000000 0.000000
0.111111 0.000000 0.000000
0.121212 0.000000 0.000000
0.131313 0.000000 0.000000
0.141414 0.000000 0.000000
0.151515 0.000000 0.000000
0.161616 0.000000 0.000000
0.171717 0.000000 0.000000
0.181818 0.000000 0.000000
0.191919 0.000000 0.000000
0.202020 0.000000 0.000000
0.212121 0.000000 0.000000
0.222222 0.000000 0.000000
0.232323 0.000000 0.000000
0.242424 0.000000 0.000000
0.252525 0.000000 0.000000
0.262626 0.000000 0.000000
0.272727 0.000000 0.000000
0.282828 0.000000 0.000000
0.292929 0.000000 0.000000
0.303030 0.000000 0.000000
0.313131 0.000000 0.000000
0.323232 0.000000 0.000000
0.333333 0.000000 0.000000
0.343434 0.000000 0.000000
0.353535 0.000000 0.000000
0.363636 0.000000 0.000000
0.373737 0.000000 0.000000
0.383838 0.000000 0.000000
0.393939 0.000000 0.000000
0.404040 0.000000 0.000000
0.414141 0.000000 0.000000
0.424242 0.000000 0.000000
0.434343 0.000000 0.000000
0.444444 0.000000 0.000000
0.454545 0.000000 0.000000
0.464646 0.000000 0.000000
0.474747 0.000000 0.000000
0.484848 0.000000 0.000000
0.494949 0.000000 0.000000
0.505051 0.000000 0.000000
0.515152 0.000000 0.000000
0.525253 0.000000 0.000000
0.535354 0.000000 0.000000
0.545455 0.000000 0.000000
0.555556 0.000000 0.000000
0.565657 0.000000 0.000000
0.575758 0.000000 0.000000
0.585859 0.000000 0.000000
0.595960 0.000000 0.000000
0.606061 0.000000 0.000000
0.616162 0.000000 0.000000
0.626263 0.000000 0.000000
0.636364 0.000000 0.000000
0.646465 0.000000 0.000000
0.656566 0.000000 0.000000
0.666667 0.000000 0.000000
0.676768 0.000000 0.000000
0.686869 0.000000 0.000000
0.696970 0.000000 0.000000
0.707071 0.000000 0.000000
0.717172 0.000000 0.000000
0.727273 0.000000 0.000000
0.737374 0.000000 0.000000
0.747475 0.000000 0.000000
0.757576 0.000000 0.000000
0.767677 0.000000 0.000000
0.777778 0.000000 0.000000
0.787879 0.000000 0.000000
0.797980 0.000000 0.000000
0.808081 0.000000 0.000000
0.818182 0.000000 0.000000
0.828283 0.000000 0.000000
0.838384 0.000000 0.000000
0.848485 0.000000 0.000000
0.858586 0.000000 0.000000
0.868687 0.000000 0.000000
0.878788 0.000000 0.000000
0.888889 0.000000 0.000000
0.898990 0.000000 0.000000
0.909091 0.000000 0.000000
0.919192 0.000000 0.000000
0.929293 0.000000 0.000000
0.939394 0.000000 0.000000
0.949495 0.000000 0.000000
0.959596 0.000000 0.000000
0.969697 0.000000 0.000000
0.979798 0.000000 0.000000
0.989899 0.000000 0.000000
1.000000 0.000000 0.050000
1.099833 0.004996 0.150000
1.198669 0.019933 0.250000
1.295520 0.044664 0.350000
1.389418 0.078939 0.450000
1.479426 0.122417 0.550000
1.564642 0.174664 0.650000
1.644218 0.235158 0.750000
1.717356 0.303293 0.850000
1.783327 0.378390 0.950000
1.841471 0.459698 1.050000
1.891207 0.546404 1.150000
1.932039 0.637642 1.250000
1.963558 0.732501 1.350000
1.985450 0.830033 1.485398
2.000000 1.000000 1.570796
2.000000 1.010101 1.570796
2.000000 1.020202 1.570796
2.000000 1.030303 1.570796
2.000000 1.040404 1.570796
2.000000 1.050505 1.570796
2.000000 1.060606 1.570796
2.000000 1.070707 1.570796
2.000000 1.080808 1.570796
2.000000 1.090909 1.570796
2.000000 1.101010 1.570796
2.000000 1.111111 1.570796
2.000000 1.121212 1.570796
2.000000 1.131313 1.570796
2.000000 1.141414 1.570796
2.000000 1.151515 1.570796
2.000000 1.161616 1.570796
2.000000 1.171717 1.570796
2.000000 1.181818 1.570796
2.000000 1.191919 1.570796
2.000000 1.202020 1.570796
2.000000 1.212121 1.570796
2.000000 1.222222 1.570796
2.000000 1.232323 1.570796
2.000000 1.242424 1.570796
2.000000 1.252525 1.570796
2.000000 1.262626 1.570796
2.000000 1.272727 1.570796
2.000000 1.282828 1.570796
2.000000 1.292929 1.570796
2.000000 1.303030 1.570796
2.000000 1.313131 1.570796
2.000000 1.323232 1.570796
2.000000 1.333333 1.570796
2.000000 1.343434 1.570796
2.000000 1.353535 1.570796
2.000000 1.363636 1.570796
2.000000 1.373737 1.570796
2.000000 1.383838 1.570796
2.000000 1.393939 1.570796
2.000000 1.404040 1.570796
2.000000 1.414141 1.570796
2.000000 1.424242 1.570796
2.000000 1.434343 1.570796
2.000000 1.444444 1.570796
2.000000 1.454545 1.570796
2.000000 1.464646 1.570796
2.000000 1.474747 1.570796
2.000000 1.484848 1.570796
2.000000 1.494949 1.570796
2.000000 1.505051 1.570796
2.000000 1.515152 1.570796
2.000000 1.525253 1.570796
2.000000 1.535354 1.570796
2.000000 1.545455 1.570796
2.000000 1.555556 1.570796
2.000000 1.565657 1.570796
2.000000 1.575758 1.570796
2.000000 1.585859 1.570796
2.000000 1.595960 1.570796
2.000000 1.606061 1.570796
2.000000 1.616162 1.570796
2.000000 1.626263 1.570796
2.000000 1.636364 1.570796
2.000000 1.646465 1.570796
2.000000 1.656566 1.570796
2.000000 1.666667 1.570796
2.000000 1.676768 1.570796
2.000000 1.686869 1.570796
2.000000 1.696970 1.570796
2.000000 1.707071 1.570796
2.000000 1.717172 1.570796
2.000000 1.727273 1.570796
2.000000 1.737374 1.570796
2.000000 1.747475 1.570796
2.000000 1.757576 1.570796
2.000000 1.767677 1.570796
2.000000 1.777778 1.570796
2.000000 1.787879 1.570796
2.000000 1.797980 1.570796
2.000000 1.808081 1.570796
2.000000 1.818182 1.570796
2.000000 1.828283 1.570796
2.000000 1.838384 1.570796
2.000000 1.848485 1.570796
2.000000 1.858586 1.570796
2.000000 1.868687 1.570796
2.000000 1.878788 1.570796
2.000000 1.888889 1.570796
2.000000 1.898990 1.570796
2.000000 1.909091 1.570796
2.000000 1.919192 1.570796
2.000000 1.929293 1.570796
2.000000 1.939394 1.570796
2.000000 1.949495 1.570796
2.000000 1.959596 1.570796
2.000000 1.969697 1.570796
2.000000 1.979798 1.570796
2.000000 1.989899 1.570796
2.000000 2.000000 1.570796
