0.000000 0.000000 0.000000
0.040404 0.000000 0.000000
0.080808 0.000000 0.000000
0.121212 0.000000 0.000000
0.161616 0.000000 0.000000
0.202020 0.000000 0.000000
0.242424 0.000000 0.000000
0.282828 0.000000 0.000000
0.323232 0.000000 0.000000
0.363636 0.000000 0.000000
0.404040 0.000000 0.000000
0.444444 0.000000 0.000000
0.484848 0.000000 0.000000
0.525253 0.000000 0.000000
0.565657 0.000000 0.000000
0.606061 0.000000 0.000000
0.646465 0.000000 0.000000
0.686869 0.000000 0.000000
0.727273 0.000000 0.000000
0.767677 0.000000 0.000000
0.808081 0.000000 0.000000
0.848485 0.000000 0.000000
0.888889 0.000000 0.000000
0.929293 0.000000 0.000000
0.969697 0.000000 0.000000
1.010101 0.000000 0.000000
1.050505 0.000000 0.000000
1.090909 0.000000 0.000000
1.131313 0.000000 0.000000
1.171717 0.000000 0.000000
1.212121 0.000000 0.000000
1.252525 0.000000 0.000000
1.292929 0.000000 0.000000
1.333333 0.000000 0.000000
1.373737 0.000000 0.000000
1.414141 0.000000 0.000000
1.454545 0.000000 0.000000
1.494949 0.000000 0.000000
1.535354 0.000000 0.000000
1.575758 0.000000 0.000000
1.616162 0.000000 0.000000
1.656566 0.000000 0.000000
1.696970 0.000000 0.000000
1.737374 0.000000 0.000000
1.777778 0.000000 0.000000
1.818182 0.000000 0.000000
1.858586 0.000000 0.000000
1.898990 0.000000 0.000000
1.939394 0.000000 0.000000
1.979798 0.000000 0.000000
2.020202 0.000000 0.000000
2.060606 0.000000 0.000000
2.101010 0.000000 0.000000
2.141414 0.000000 0.000000
2.181818 0.000000 0.000000
2.222222 0.000000 0.000000
2.262626 0.000000 0.000000
2.303030 0.000000 0.000000
2.343434 0.000000 0.000000
2.383838 0.000000 0.000000
2.424242 0.000000 0.000000
2.464646 0.000000 0.000000
2.505051 0.000000 0.000000
2.545455 0.000000 0.000000
2.585859 0.000000 0.000000
2.626263 0.000000 0.000000
2.666667 0.000000 0.000000
2.707071 0.000000 0.000000
2.747475 0.000000 0.000000
2.787879 0.000000 0.000000
2.828283 0.000000 0.000000
2.868687 0.000000 0.000000
2.909091 0.000000 0.000000
2.949495 0.000000 0.000000
2.989899 0.000000 0.000000
3.030303 0.000000 0.000000
3.070707 0.000000 0.000000
3.111111 0.000000 0.000000
3.151515 0.000000 0.000000
3.191919 0.000000 0.000000
3.232323 0.000000 0.000000
3.272727 0.000000 0.000000
3.313131 0.000000 0.000000
3.353535 0.000000 0.000000
3.393939 0.000000 0.000000
3.434343 0.000000 0.000000
3.474747 0.000000 0.000000
3.515152 0.000000 0.000000
3.555556 0.000000 0.000000
3.595960 0.000000 0.000000
3.636364 0.000000 0.000000
3.676768 0.000000 0.000000
3.717172 0.000000 0.000000
3.757576 0.000000 0.000000
3.797980 0.000000 0.000000
3.838384 0.000000 0.000000
3.878788 0.000000 0.000000
3.919192 0.000000 0.000000
3.959596 0.000000 0.000000
4.000000 0.000000 -0.085398
4.169967 -0.014550 -0.220796
4.267499 -0.036442 -0.320796
4.362358 -0.067961 -0.420796
4.453596 -0.108793 -0.520796
4.540302 -0.158529 -0.620796
4.621610 -0.216673 -0.720796
4.696707 -0.282644 -0.820796
4.764842 -0.355782 -0.920796
4.825336 -0.435358 -1.020796
4.877583 -0.520574 -1.120796
4.921061 -0.610582 -1.220796
4.955336 -0.704480 -1.320796
4.980067 -0.801331 -1.420796
4.995004 -0.900167 -1.520796
5.000000 -1.000000 -1.570796
5.000000 -1.040404 -1.570796
5.000000 -1.080808 -1.570796
5.000000 -1.121212 -1.570796
5.000000 -1.161616 -1.570796
5.000000 -1.202020 -1.570796
5.000000 -1.242424 -1.570796
5.000000 -1.282828 -1.570796
5.000000 -1.323232 -1.570796
5.000000 -1.363636 -1.570796
5.000000 -1.404040 -1.570796
5.000000 -1.444444 -1.570796
5.000000 -1.484848 -1.570796
5.000000 -1.525253 -1.570796
5.000000 -1.565657 -1.570796
5.000000 -1.606061 -1.570796
5.000000 -1.646465 -1.570796
5.000000 -1.686869 -1.570796
5.000000 -1.727273 -1.570796
5.000000 -1.767677 -1.570796
5.000000 -1.808081 -1.570796
5.000000 -1.848485 -1.570796
5.000000 -1.888889 -1.570796
5.000000 -1.929293 -1.570796
5.000000 -1.969697 -1.570796
5.000000 -2.010101 -1.570796
5.000000 -2.050505 -1.570796
5.000000 -2.090909 -1.570796
5.000000 -2.131313 -1.570796
5.000000 -2.171717 -1.570796
5.000000 -2.212121 -1.570796
5.000000 -2.252525 -1.570796
5.000000 -2.292929 -1.570796
5.000000 -2.333333 -1.570796
5.000000 -2.373737 -1.570796
5.000000 -2.414141 -1.570796
5.000000 -2.454545 -1.570796
5.000000 -2.494949 -1.570796
5.000000 -2.535354 -1.570796
5.000000 -2.575758 -1.570796
5.000000 -2.616162 -1.570796
5.000000 -2.656566 -1.570796
5.000000 -2.696970 -1.570796
5.000000 -2.737374 -1.570796
5.000000 -2.777778 -1.570796
5.000000 -2.818182 -1.570796
5.000000 -2.858586 -1.570796
5.000000 -2.898990 -1.570796
5.000000 -2.939394 -1.570796
5.000000 -2.979798 -1.570796
5.000000 -3.020202 -1.570796
5.000000 -3.060606 -1.570796
5.000000 -3.101010 -1.570796
5.000000 -3.141414 -1.570796
5.000000 -3.181818 -1.570796
5.000000 -3.222222 -1.570796
5.000000 -3.262626 -1.570796
5.000000 -3.303030 -1.570796
5.000000 -3.343434 -1.570796
5.000000 -3.383838 -1.570796
5.000000 -3.424242 -1.570796
5.000000 -3.464646 -1.570796
5.000000 -3.505051 -1.570796
5.000000 -3.545455 -1.570796
5.000000 -3.585859 -1.570796
5.000000 -3.626263 -1.570796
5.000000 -3.666667 -1.570796
5.000000 -3.707071 -1.570796
5.000000 -3.747475 -1.570796
5.000000 -3.787879 -1.570796
5.000000 -3.828283 -1.570796
5.000000 -3.868687 -1.570796
5.000000 -3.909091 -1.570796
5.000000 -3.949495 -1.570796
5.000000 -3.989899 -1.570796
5.000000 -4.030303 -1.570796
5.000000 -4.070707 -1.570796
5.000000 -4.111111 -1.570796
5.000000 -4.151515 -1.570796
5.000000 -4.191919 -1.570796
5.000000 -4.232323 -1.570796
5.000000 -4.272727 -1.570796
5.000000 -4.313131 -1.570796
5.000000 -4.353535 -1.570796
5.000000 -4.393939 -1.570796
5.000000 -4.434343 -1.570796
5.000000 -4.474747 -1.570796
5.000000 -4.515152 -1.570796
5.000000 -4.555556 -1.570796
5.000000 -4.595960 -1.570796
5.000000 -4.636364 -1.570796
5.000000 -4.676768 -1.570796
5.000000 -4.717172 -1.570796
5.000000 -4.757576 -1.570796
5.000000 -4.797980 -1.570796
5.000000 -4.838384 -1.570796
5.000000 -4.878788 -1.570796
5.000000 -4.919192 -1.570796
5.000000 -4.959596 -1.570796
5.000000 -5.000000 -1.570796
