0.000000 2.000000 3.141593
-0.100000 2.000000 3.141593
-0.200000 2.000000 3.141593
-0.300000 2.000000 3.141593
-0.400000 2.000000 3.141593
-0.500000 2.000000 3.141593
-0.585786 2.000000 -3.116593
-0.635766 1.998750 -3.066593
-0.685620 1.995004 -3.016593
-0.735225 1.988771 -2.966593
-0.784456 1.980067 -2.916593
-0.833190 1.968912 -2.866593
-0.881307 1.955336 -2.816593
-0.928684 1.939373 -2.766593
-0.975205 1.921061 -2.716593
-1.020752 1.900447 -2.666593
-1.065212 1.877583 -2.616593
-1.108474 1.852525 -2.566593
-1.150429 1.825336 -2.516593
-1.190973 1.796084 -2.466593
-1.230004 1.764842 -2.398894
-1.292893 1.707107 -2.331194
-1.327350 1.670882 -2.281194
-1.359954 1.632981 -2.231194
-1.390622 1.593498 -2.181194
-1.419279 1.552531 -2.131194
-1.445852 1.510184 -2.081194
-1.470276 1.466561 -2.031194
-1.492489 1.421771 -1.981194
-1.512435 1.375928 -1.931194
-1.530066 1.329145 -1.881194
-1.545336 1.281540 -1.831194
-1.558208 1.233230 -1.781194
-1.568649 1.184338 -1.731194
-1.576634 1.134985 -1.681194
-1.582142 1.085294 -1.631194
-1.585160 1.035391 -1.581194
-1.585680 0.985399 -1.531194
-1.583700 0.935443 -1.481194
-1.579227 0.885649 -1.431194
-1.572270 0.836140 -1.381194
-1.562848 0.787042 -1.331194
-1.550983 0.738475 -1.281194
-1.536706 0.690562 -1.231194
-1.520052 0.643423 -1.181194
-1.501063 0.597174 -1.131194
-1.479786 0.551933 -1.081194
-1.456275 0.507812 -1.031194
-1.430588 0.464921 -0.981194
-1.402790 0.423367 -0.931194
-1.372949 0.383254 -0.881194
-1.341141 0.344683 -0.820796
-1.292893 0.292893 -0.760398
-1.256669 0.258436 -0.710398
-1.218768 0.225833 -0.660398
-1.179284 0.195165 -0.610398
-1.138318 0.166508 -0.560398
-1.095970 0.139934 -0.510398
-1.052347 0.115511 -0.460398
-1.007558 0.093298 -0.410398
-0.961715 0.073351 -0.360398
-0.914932 0.055721 -0.310398
-0.867326 0.040450 -0.260398
-0.819017 0.027578 -0.210398
-0.770124 0.017137 -0.160398
-0.720771 0.009152 -0.110398
-0.671081 0.003644 -0.042699
-0.585786 0.000000 0.000000
-0.485786 0.000000 0.000000
-0.385786 0.000000 0.000000
-0.285786 0.000000 0.000000
-0.185786 0.000000 0.000000
-0.085786 0.000000 0.000000
0.000000 0.000000 0.000000
