0.000000 0.000000 0.000000
0.030303 0.000000 0.000000
0.060606 0.000000 0.000000
0.090909 0.000000 0.000000
0.121212 0.000000 0.000000
0.151515 0.000000 0.000000
0.181818 0.000000 0.000000
0.212121 0.000000 0.000000
0.242424 0.000000 0.000000
0.272727 0.000000 0.000000
0.303030 0.000000 0.000000
0.333333 0.000000 0.000000
0.363636 0.000000 0.000000
0.393939 0.000000 0.000000
0.424242 0.000000 0.000000
0.454545 0.000000 0.000000
0.484848 0.000000 0.000000
0.515152 0.000000 0.000000
0.545455 0.000000 0.000000
0.575758 0.000000 0.000000
0.606061 0.000000 0.000000
0.636364 0.000000 0.000000
0.666667 0.000000 0.000000
0.696970 0.000000 0.000000
0.727273 0.000000 0.000000
0.757576 0.000000 0.000000
0.787879 0.000000 0.000000
0.818182 0.000000 0.000000
0.848485 0.000000 0.000000
0.878788 0.000000 0.000000
0.909091 0.000000 0.000000
0.939394 0.000000 0.000000
0.969697 0.000000 0.000000
1.000000 0.000000 0.000000
1.030303 0.000000 0.000000
1.060606 0.000000 0.000000
1.090909 0.000000 0.000000
1.121212 0.000000 0.000000
1.151515 0.000000 0.000000
1.181818 0.000000 0.000000
1.212121 0.000000 0.000000
1.242424 0.000000 0.000000
1.272727 0.000000 0.000000
1.303030 0.000000 0.000000
1.333333 0.000000 0.000000
1.363636 0.000000 0.000000
1.393939 0.000000 0.000000
1.424242 0.000000 0.000000
1.454545 0.000000 0.000000
1.484848 0.000000 0.000000
1.515152 0.000000 0.000000
1.545455 0.000000 0.000000
1.575758 0.000000 0.000000
1.606061 0.000000 0.000000
1.636364 0.000000 0.000000
1.666667 0.000000 0.000000
1.696970 0.000000 0.000000
1.727273 0.000000 0.000000
1.757576 0.000000 0.000000
1.787879 0.000000 0.000000
1.818182 0.000000 0.000000
1.848485 0.000000 0.000000
1.878788 0.000000 0.000000
1.909091 0.000000 0.000000
1.939394 0.000000 0.000000
1.969697 0.000000 0.000000
2.000000 0.000000 0.000000
2.030303 0.000000 0.000000
2.060606 0.000000 0.000000
2.090909 0.000000 0.000000
2.121212 0.000000 0.000000
2.151515 0.000000 0.000000
2.181818 0.000000 0.000000
2.212121 0.000000 0.000000
2.242424 0.000000 0.000000
2.272727 0.000000 0.000000
2.303030 0.000000 0.000000
2.333333 0.000000 0.000000
2.363636 0.000000 0.000000
2.393939 0.000000 0.000000
2.424242 0.000000 0.000000
2.454545 0.000000 0.000000
2.484848 0.000000 0.000000
2.515152 0.000000 0.000000
2.545455 0.000000 0.000000
2.575758 0.000000 0.000000
2.606061 0.000000 0.000000
2.636364 0.000000 0.000000
2.666667 0.000000 0.000000
2.696970 0.000000 0.000000
2.727273 0.000000 0.000000
2.757576 0.000000 0.000000
2.787879 0.000000 0.000000
2.818182 0.000000 0.000000
2.848485 0.000000 0.000000
2.878788 0.000000 0.000000
2.909091 0.000000 0.000000
2.939394 0.000000 0.000000
2.969697 0.000000 0.000000
3.000000 0.000000 0.050000
3.099833 0.004996 0.150000
3.198669 0.019933 0.250000
3.295520 0.044664 0.350000
3.389418 0.078939 0.450000
3.479426 0.122417 0.550000
3.564642 0.174664 0.650000
3.644218 0.235158 0.750000
3.717356 0.303293 0.850000
3.783327 0.378390 0.950000
3.841471 0.459698 1.050000
3.891207 0.546404 1.150000
3.932039 0.637642 1.250000
3.963558 0.732501 1.350000
3.985450 0.830033 1.485398
4.000000 1.000000 -1.570796
4.000000 0.995816 -1.570796
4.000000 0.991632 -1.570796
4.000000 0.987448 -1.570796
4.000000 0.983264 -1.570796
4.000000 0.979080 -1.570796
4.000000 0.974896 -1.570796
4.000000 0.970712 -1.570796
4.000000 0.966528 -1.570796
4.000000 0.962344 -1.570796
4.000000 0.958160 -1.570796
4.000000 0.953976 -1.570796
4.000000 0.949792 -1.570796
4.000000 0.945608 -1.570796
4.000000 0.941424 -1.570796
4.000000 0.937240 -1.570796
4.000000 0.933056 -1.570796
4.000000 0.928872 -1.570796
4.000000 0.924688 -1.570796
4.000000 0.920504 -1.570796
4.000000 0.916320 -1.570796
4.000000 0.912137 -1.570796
4.000000 0.907953 -1.570796
4.000000 0.903769 -1.570796
4.000000 0.899585 -1.570796
4.000000 0.895401 -1.570796
4.000000 0.891217 -1.570796
4.000000 0.887033 -1.570796
4.000000 0.882849 -1.570796
4.000000 0.878665 -1.570796
4.000000 0.874481 -1.570796
4.000000 0.870297 -1.570796
4.000000 0.866113 -1.570796
4.000000 0.861929 -1.570796
4.000000 0.857745 -1.570796
4.000000 0.853561 -1.570796
4.000000 0.849377 -1.570796
4.000000 0.845193 -1.570796
4.000000 0.841009 -1.570796
4.000000 0.836825 -1.570796
4.000000 0.832641 -1.570796
4.000000 0.828457 -1.570796
4.000000 0.824273 -1.570796
4.000000 0.820089 -1.570796
4.000000 0.815905 -1.570796
4.000000 0.811721 -1.570796
4.000000 0.807537 -1.570796
4.000000 0.803353 -1.570796
4.000000 0.799169 -1.570796
4.000000 0.794985 -1.570796
4.000000 0.790801 -1.570796
4.000000 0.786617 -1.570796
4.000000 0.782433 -1.570796
4.000000 0.778249 -1.570796
4.000000 0.774065 -1.570796
4.000000 0.769881 -1.570796
4.000000 0.765697 -1.570796
4.000000 0.761513 -1.570796
4.000000 0.757329 -1.570796
4.000000 0.753145 -1.570796
4.000000 0.748961 -1.570796
4.000000 0.744778 -1.570796
4.000000 0.740594 -1.570796
4.000000 0.736410 -1.570796
4.000000 0.732226 -1.570796
4.000000 0.728042 -1.570796
4.000000 0.723858 -1.570796
4.000000 0.719674 -1.570796
4.000000 0.715490 -1.570796
4.000000 0.711306 -1.570796
4.000000 0.707122 -1.570796
4.000000 0.702938 -1.570796
4.000000 0.698754 -1.570796
4.000000 0.694570 -1.570796
4.000000 0.690386 -1.570796
4.000000 0.686202 -1.570796
4.000000 0.682018 -1.570796
4.000000 0.677834 -1.570796
4.000000 0.673650 -1.570796
4.000000 0.669466 -1.570796
4.000000 0.665282 -1.570796
4.000000 0.661098 -1.570796
4.000000 0.656914 -1.570796
4.000000 0.652730 -1.570796
4.000000 0.648546 -1.570796
4.000000 0.644362 -1.570796
4.000000 0.640178 -1.570796
4.000000 0.635994 -1.570796
4.000000 0.631810 -1.570796
4.000000 0.627626 -1.570796
4.000000 0.623442 -1.570796
4.000000 0.619258 -1.570796
4.000000 0.615074 -1.570796
4.000000 0.610890 -1.570796
4.000000 0.606706 -1.570796
4.000000 0.602522 -1.570796
4.000000 0.598338 -1.570796
4.000000 0.594154 -1.570796
4.000000 0.589970 -1.570796
4.000000 0.585786 -1.620796
3.995004 0.485953 -1.720796
3.980067 0.387117 -1.820796
3.955336 0.290266 -1.920796
3.921061 0.196368 -2.020796
3.877583 0.106361 -2.120796
3.825336 0.021144 -2.220796
3.764842 -0.058431 -2.320796
3.696707 -0.131570 -2.420796
3.621610 -0.197540 -2.520796
3.540302 -0.255685 -2.620796
3.453596 -0.305421 -2.720796
3.362358 -0.346253 -2.820796
3.267499 -0.377772 -2.920796
3.169967 -0.399663 -3.020796
3.070737 -0.411709 -3.120796
2.970800 -0.413787 3.062389
2.871156 -0.405878 2.962389
2.772798 -0.388061 2.862389
2.676710 -0.360514 2.762389
2.583853 -0.323511 2.662389
2.495154 -0.277423 2.562389
2.411499 -0.222710 2.462389
2.333724 -0.159919 2.362389
2.262606 -0.089677 2.262389
2.198856 -0.012686 2.162389
2.143111 0.070285 2.062389
2.095928 0.158407 1.962389
2.057778 0.250798 1.862389
2.029042 0.346537 1.762389
2.010008 0.444666 1.662389
2.000865 0.544206 1.562389
2.001705 0.644161 1.462389
2.012520 0.743532 1.362389
2.033202 0.841328 1.262389
2.063543 0.936570 1.162389
2.103242 1.028307 1.062389
2.151900 1.115623 0.962389
2.209032 1.197644 0.862389
2.274068 1.273553 0.762389
2.346356 1.342589 0.662389
2.425176 1.404064 0.562389
2.509739 1.457362 0.462389
2.599201 1.501952 0.362389
2.692667 1.537389 0.262389
2.789204 1.563317 0.162389
2.887847 1.579477 0.062389
2.987611 1.585710 -0.037611
3.087499 1.581951 -0.137611
3.186512 1.568239 -0.237611
3.283662 1.544711 -0.337611
3.377978 1.511601 -0.437611
3.468517 1.469241 -0.537611
3.554374 1.418054 -0.686505
3.707107 1.292893 2.356194
3.699964 1.300036 2.356194
3.692822 1.307178 2.356194
3.685679 1.314321 2.356194
3.678537 1.321463 2.356194
3.671394 1.328606 2.356194
3.664252 1.335748 2.356194
3.657109 1.342891 2.356194
3.649967 1.350033 2.356194
3.642824 1.357176 2.356194
3.635682 1.364318 2.356194
3.628539 1.371461 2.356194
3.621397 1.378603 2.356194
3.614254 1.385746 2.356194
3.607112 1.392888 2.356194
3.599969 1.400031 2.356194
3.592827 1.407173 2.356194
3.585684 1.414316 2.356194
3.578542 1.421458 2.356194
3.571399 1.428601 2.356194
3.564257 1.435743 2.356194
3.557114 1.442886 2.356194
3.549972 1.450028 2.356194
3.542829 1.457171 2.356194
3.535687 1.464313 2.356194
3.528544 1.471456 2.356194
3.521402 1.478598 2.356194
3.514259 1.485741 2.356194
3.507117 1.492883 2.356194
3.499974 1.500026 2.356194
3.492832 1.507168 2.356194
3.485690 1.514310 2.356194
3.478547 1.521453 2.356194
3.471405 1.528595 2.356194
3.464262 1.535738 2.356194
3.457120 1.542880 2.356194
3.449977 1.550023 2.356194
3.442835 1.557165 2.356194
3.435692 1.564308 2.356194
3.428550 1.571450 2.356194
3.421407 1.578593 2.356194
3.414265 1.585735 2.356194
3.407122 1.592878 2.356194
3.399980 1.600020 2.356194
3.392837 1.607163 2.356194
3.385695 1.614305 2.356194
3.378552 1.621448 2.356194
3.371410 1.628590 2.356194
3.364267 1.635733 2.356194
3.357125 1.642875 2.356194
3.349982 1.650018 2.356194
3.342840 1.657160 2.356194
3.335697 1.664303 2.356194
3.328555 1.671445 2.356194
3.321412 1.678588 2.356194
3.314270 1.685730 2.356194
3.307127 1.692873 2.356194
3.299985 1.700015 2.356194
3.292842 1.707158 2.356194
3.285700 1.714300 2.356194
3.278557 1.721443 2.356194
3.271415 1.728585 2.356194
3.264272 1.735728 2.356194
3.257130 1.742870 2.356194
3.249987 1.750013 2.356194
3.242845 1.757155 2.356194
3.235702 1.764298 2.356194
3.228560 1.771440 2.356194
3.221417 1.778583 2.356194
3.214275 1.785725 2.356194
3.207132 1.792868 2.356194
3.199990 1.800010 2.356194
3.192847 1.807153 2.356194
3.185705 1.814295 2.356194
3.178562 1.821438 2.356194
3.171420 1.828580 2.356194
3.164277 1.835723 2.356194
3.157135 1.842865 2.356194
3.149992 1.850008 2.356194
3.142850 1.857150 2.356194
3.135707 1.864293 2.356194
3.128565 1.871435 2.356194
3.121422 1.878578 2.356194
3.114280 1.885720 2.356194
3.107137 1.892863 2.356194
3.099995 1.900005 2.356194
3.092852 1.907148 2.356194
3.085710 1.914290 2.356194
3.078567 1.921433 2.356194
3.071425 1.928575 2.356194
3.064282 1.935718 2.356194
3.057140 1.942860 2.356194
3.049997 1.950003 2.356194
3.042855 1.957145 2.356194
3.035712 1.964288 2.356194
3.028570 1.971430 2.356194
3.021427 1.978573 2.356194
3.014285 1.985715 2.356194
3.007142 1.992858 2.356194
3.000000 2.000000 2.356194
