0.000000 4.000000 3.141593
-0.015152 4.000000 3.141593
-0.030303 4.000000 3.141593
-0.045455 4.000000 3.141593
-0.060606 4.000000 3.141593
-0.075758 4.000000 3.141593
-0.090909 4.000000 3.141593
-0.106061 4.000000 3.141593
-0.121212 4.000000 3.141593
-0.136364 4.000000 3.141593
-0.151515 4.000000 3.141593
-0.166667 4.000000 3.141593
-0.181818 4.000000 3.141593
-0.196970 4.000000 3.141593
-0.212121 4.000000 3.141593
-0.227273 4.000000 3.141593
-0.242424 4.000000 3.141593
-0.257576 4.000000 3.141593
-0.272727 4.000000 3.141593
-0.287879 4.000000 3.141593
-0.303030 4.000000 3.141593
-0.318182 4.000000 3.141593
-0.333333 4.000000 3.141593
-0.348485 4.000000 3.141593
-0.363636 4.000000 3.141593
-0.378788 4.000000 3.141593
-0.393939 4.000000 3.141593
-0.409091 4.000000 3.141593
-0.424242 4.000000 3.141593
-0.439394 4.000000 3.141593
-0.454545 4.000000 3.141593
-0.469697 4.000000 3.141593
-0.484848 4.000000 3.141593
-0.500000 4.000000 3.141593
-0.515152 4.000000 3.141593
-0.530303 4.000000 3.141593
-0.545455 4.000000 3.141593
-0.560606 4.000000 3.141593
-0.575758 4.000000 3.141593
-0.590909 4.000000 3.141593
-0.606061 4.000000 3.141593
-0.621212 4.000000 3.141593
-0.636364 4.000000 3.141593
-0.651515 4.000000 3.141593
-0.666667 4.000000 3.141593
-0.681818 4.000000 3.141593
-0.696970 4.000000 3.141593
-0.712121 4.000000 3.141593
-0.727273 4.000000 3.141593
-0.742424 4.000000 3.141593
-0.757576 4.000000 3.141593
-0.772727 4.000000 3.141593
-0.787879 4.000000 3.141593
-0.803030 4.000000 3.141593
-0.818182 4.000000 3.141593
-0.833333 4.000000 3.141593
-0.848485 4.000000 3.141593
-0.863636 4.000000 3.141593
-0.878788 4.000000 3.141593
-0.893939 4.000000 3.141593
-0.909091 4.000000 3.141593
-0.924242 4.000000 3.141593
-0.939394 4.000000 3.141593
-0.954545 4.000000 3.141593
-0.969697 4.000000 3.141593
-0.984848 4.000000 3.141593
-1.000000 4.000000 3.141593
-1.015152 4.000000 3.141593
-1.030303 4.000000 3.141593
-1.045455 4.000000 3.141593
-1.060606 4.000000 3.141593
-1.075758 4.000000 3.141593
-1.090909 4.000000 3.141593
-1.106061 4.000000 3.141593
-1.121212 4.000000 3.141593
-1.136364 4.000000 3.141593
-1.151515 4.000000 3.141593
-1.166667 4.000000 3.141593
-1.181818 4.000000 3.141593
-1.196970 4.000000 3.141593
-1.212121 4.000000 3.141593
-1.227273 4.000000 3.141593
-1.242424 4.000000 3.141593
-1.257576 4.000000 3.141593
-1.272727 4.000000 3.141593
-1.287879 4.000000 3.141593
-1.303030 4.000000 3.141593
-1.318182 4.000000 3.141593
-1.333333 4.000000 3.141593
-1.348485 4.000000 3.141593
-1.363636 4.000000 3.141593
-1.378788 4.000000 3.141593
-1.393939 4.000000 3.141593
-1.409091 4.000000 3.141593
-1.424242 4.000000 3.141593
-1.439394 4.000000 3.141593
-1.454545 4.000000 3.141593
-1.469697 4.000000 3.141593
-1.484848 4.000000 3.141593
-1.500000 4.000000 -3.091593
-1.649750 3.992506 -2.991593
-1.798004 3.970100 -2.891593
-1.943280 3.933005 -2.791593
-2.084128 3.881591 -2.691593
-2.219138 3.816374 -2.591593
-2.346964 3.738003 -2.491593
-2.466327 3.647263 -2.391593
-2.576034 3.545060 -2.291593
-2.674990 3.432415 -2.191593
-2.762206 3.310453 -2.091593
-2.836811 3.180394 -1.991593
-2.898059 3.043537 -1.891593
-2.945337 2.901248 -1.791593
-2.978175 2.754951 -1.656194
-3.000000 2.500000 -1.570796
-3.000000 2.489899 -1.570796
-3.000000 2.479798 -1.570796
-3.000000 2.469697 -1.570796
-3.000000 2.459596 -1.570796
-3.000000 2.449495 -1.570796
-3.000000 2.439394 -1.570796
-3.000000 2.429293 -1.570796
-3.000000 2.419192 -1.570796
-3.000000 2.409091 -1.570796
-3.000000 2.398990 -1.570796
-3.000000 2.388889 -1.570796
-3.000000 2.378788 -1.570796
-3.000000 2.368687 -1.570796
-3.000000 2.358586 -1.570796
-3.000000 2.348485 -1.570796
-3.000000 2.338384 -1.570796
-3.000000 2.328283 -1.570796
-3.000000 2.318182 -1.570796
-3.000000 2.308081 -1.570796
-3.000000 2.297980 -1.570796
-3.000000 2.287879 -1.570796
-3.000000 2.277778 -1.570796
-3.000000 2.267677 -1.570796
-3.000000 2.257576 -1.570796
-3.000000 2.247475 -1.570796
-3.000000 2.237374 -1.570796
-3.000000 2.227273 -1.570796
-3.000000 2.217172 -1.570796
-3.000000 2.207071 -1.570796
-3.000000 2.196970 -1.570796
-3.000000 2.186869 -1.570796
-3.000000 2.176768 -1.570796
-3.000000 2.166667 -1.570796
-3.000000 2.156566 -1.570796
-3.000000 2.146465 -1.570796
-3.000000 2.136364 -1.570796
-3.000000 2.126263 -1.570796
-3.000000 2.116162 -1.570796
-3.000000 2.106061 -1.570796
-3.000000 2.095960 -1.570796
-3.000000 2.085859 -1.570796
-3.000000 2.075758 -1.570796
-3.000000 2.065657 -1.570796
-3.000000 2.055556 -1.570796
-3.000000 2.045455 -1.570796
-3.000000 2.035354 -1.570796
-3.000000 2.025253 -1.570796
-3.000000 2.015152 -1.570796
-3.000000 2.005051 -1.570796
-3.000000 1.994949 -1.570796
-3.000000 1.984848 -1.570796
-3.000000 1.974747 -1.570796
-3.000000 1.964646 -1.570796
-3.000000 1.954545 -1.570796
-3.000000 1.944444 -1.570796
-3.000000 1.934343 -1.570796
-3.000000 1.924242 -1.570796
-3.000000 1.914141 -1.570796
-3.000000 1.904040 -1.570796
-3.000000 1.893939 -1.570796
-3.000000 1.883838 -1.570796
-3.000000 1.873737 -1.570796
-3.000000 1.863636 -1.570796
-3.000000 1.853535 -1.570796
-3.000000 1.843434 -1.570796
-3.000000 1.833333 -1.570796
-3.000000 1.823232 -1.570796
-3.000000 1.813131 -1.570796
-3.000000 1.803030 -1.570796
-3.000000 1.792929 -1.570796
-3.000000 1.782828 -1.570796
-3.000000 1.772727 -1.570796
-3.000000 1.762626 -1.570796
-3.000000 1.752525 -1.570796
-3.000000 1.742424 -1.570796
-3.000000 1.732323 -1.570796
-3.000000 1.722222 -1.570796
-3.000000 1.712121 -1.570796
-3.000000 1.702020 -1.570796
-3.000000 1.691919 -1.570796
-3.000000 1.681818 -1.570796
-3.000000 1.671717 -1.570796
-3.000000 1.661616 -1.570796
-3.000000 1.651515 -1.570796
-3.000000 1.641414 -1.570796
-3.000000 1.631313 -1.570796
-3.000000 1.621212 -1.570796
-3.000000 1.611111 -1.570796
-3.000000 1.601010 -1.570796
-3.000000 1.590909 -1.570796
-3.000000 1.580808 -1.570796
-3.000000 1.570707 -1.570796
-3.000000 1.560606 -1.570796
-3.000000 1.550505 -1.570796
-3.000000 1.540404 -1.570796
-3.000000 1.530303 -1.570796
-3.000000 1.520202 -1.570796
-3.000000 1.510101 -1.570796
-3.000000 1.500000 -1.520796
-2.992506 1.350250 -1.420796
-2.970100 1.201996 -1.320796
-2.933005 1.056720 -1.220796
-2.881591 0.915872 -1.120796
-2.816374 0.780862 -1.020796
-2.738003 0.653036 -0.920796
-2.647263 0.533673 -0.820796
-2.545060 0.423966 -0.720796
-2.432415 0.325010 -0.620796
-2.310453 0.237794 -0.520796
-2.180394 0.163189 -0.420796
-2.043537 0.101941 -0.320796
-1.901248 0.054663 -0.220796
-1.754951 0.021825 -0.085398
-1.500000 0.000000 0.000000
-1.484848 0.000000 0.000000
-1.469697 0.000000 0.000000
-1.454545 0.000000 0.000000
-1.439394 0.000000 0.000000
-1.424242 0.000000 0.000000
-1.409091 0.000000 0.000000
-1.393939 0.000000 0.000000
-1.378788 0.000000 0.000000
-1.363636 0.000000 0.000000
-1.348485 0.000000 0.000000
-1.333333 0.000000 0.000000
-1.318182 0.000000 0.000000
-1.303030 0.000000 0.000000
-1.287879 0.000000 0.000000
-1.272727 0.000000 0.000000
-1.257576 0.000000 0.000000
-1.242424 0.000000 0.000000
-1.227273 0.000000 0.000000
-1.212121 0.000000 0.000000
-1.196970 0.000000 0.000000
-1.181818 0.000000 0.000000
-1.166667 0.000000 0.000000
-1.151515 0.000000 0.000000
-1.136364 0.000000 0.000000
-1.121212 0.000000 0.000000
-1.106061 0.000000 0.000000
-1.090909 0.000000 0.000000
-1.075758 0.000000 0.000000
-1.060606 0.000000 0.000000
-1.045455 0.000000 0.000000
-1.030303 0.000000 0.000000
-1.015152 0.000000 0.000000
-1.000000 0.000000 0.000000
-0.984848 0.000000 0.000000
-0.969697 0.000000 0.000000
-0.954545 0.000000 0.000000
-0.939394 0.000000 0.000000
-0.924242 0.000000 0.000000
-0.909091 0.000000 0.000000
-0.893939 0.000000 0.000000
-0.878788 0.000000 0.000000
-0.863636 0.000000 0.000000
-0.848485 0.000000 0.000000
-0.833333 0.000000 0.000000
-0.818182 0.000000 0.000000
-0.803030 0.000000 0.000000
-0.787879 0.000000 0.000000
-0.772727 0.000000 0.000000
-0.757576 0.000000 0.000000
-0.742424 0.000000 0.000000
-0.727273 0.000000 0.000000
-0.712121 0.000000 0.000000
-0.696970 0.000000 0.000000
-0.681818 0.000000 0.000000
-0.666667 0.000000 0.000000
-0.651515 0.000000 0.000000
-0.636364 0.000000 0.000000
-0.621212 0.000000 0.000000
-0.606061 0.000000 0.000000
-0.590909 0.000000 0.000000
-0.575758 0.000000 0.000000
-0.560606 0.000000 0.000000
-0.545455 0.000000 0.000000
-0.530303 0.000000 0.000000
-0.515152 0.000000 0.000000
-0.500000 0.000000 0.000000
-0.484848 0.000000 0.000000
-0.469697 0.000000 0.000000
-0.454545 0.000000 0.000000
-0.439394 0.000000 0.000000
-0.424242 0.000000 0.000000
-0.409091 0.000000 0.000000
-0.393939 0.000000 0.000000
-0.378788 0.000000 0.000000
-0.363636 0.000000 0.000000
-0.348485 0.000000 0.000000
-0.333333 0.000000 0.000000
-0.318182 0.000000 0.000000
-0.303030 0.000000 0.000000
-0.287879 0.000000 0.000000
-0.272727 0.000000 0.000000
-0.257576 0.000000 0.000000
-0.242424 0.000000 0.000000
-0.227273 0.000000 0.000000
-0.212121 0.000000 0.000000
-0.196970 0.000000 0.000000
-0.181818 0.000000 0.000000
-0.166667 0.000000 0.000000
-0.151515 0.000000 0.000000
-0.136364 0.000000 0.000000
-0.121212 0.000000 0.000000
-0.106061 0.000000 0.000000
-0.090909 0.000000 0.000000
-0.075758 0.000000 0.000000
-0.060606 0.000000 0.000000
-0.045455 0.000000 0.000000
-0.030303 0.000000 0.000000
-0.015152 0.000000 0.000000
0.000000 0.000000 0.000000
