0.000000 0.000000 0.000000
0.005051 0.000000 0.000000
0.010101 0.000000 0.000000
0.015152 0.000000 0.000000
0.020202 0.000000 0.000000
0.025253 0.000000 0.000000
0.030303 0.000000 0.000000
0.035354 0.000000 0.000000
0.040404 0.000000 0.000000
0.045455 0.000000 0.000000
0.050505 0.000000 0.000000
0.055556 0.000000 0.000000
0.060606 0.000000 0.000000
0.065657 0.000000 0.000000
0.070707 0.000000 0.000000
0.075758 0.000000 0.000000
0.080808 0.000000 0.000000
0.085859 0.000000 0.000000
0.090909 0.000000 0.000000
0.095960 0.000000 0.000000
0.101010 0.000000 0.000000
0.106061 0.000000 0.000000
0.111111 0.000000 0.000000
0.116162 0.000000 0.000000
0.121212 0.000000 0.000000
0.126263 0.000000 0.000000
0.131313 0.000000 0.000000
0.136364 0.000000 0.000000
0.141414 0.000000 0.000000
0.146465 0.000000 0.000000
0.151515 0.000000 0.000000
0.156566 0.000000 0.000000
0.161616 0.000000 0.000000
0.166667 0.000000 0.000000
0.171717 0.000000 0.000000
0.176768 0.000000 0.000000
0.181818 0.000000 0.000000
0.186869 0.000000 0.000000
0.191919 0.000000 0.000000
0.196970 0.000000 0.000000
0.202020 0.000000 0.000000
0.207071 0.000000 0.000000
0.212121 0.000000 0.000000
0.217172 0.000000 0.000000
0.222222 0.000000 0.000000
0.227273 0.000000 0.000000
0.232323 0.000000 0.000000
0.237374 0.000000 0.000000
0.242424 0.000000 0.000000
0.247475 0.000000 0.000000
0.252525 0.000000 0.000000
0.257576 0.000000 0.000000
0.262626 0.000000 0.000000
0.267677 0.000000 0.000000
0.272727 0.000000 0.000000
0.277778 0.000000 0.000000
0.282828 0.000000 0.000000
0.287879 0.000000 0.000000
0.292929 0.000000 0.000000
0.297980 0.000000 0.000000
0.303030 0.000000 0.000000
0.308081 0.000000 0.000000
0.313131 0.000000 0.000000
0.318182 0.000000 0.000000
0.323232 0.000000 0.000000
0.328283 0.000000 0.000000
0.333333 0.000000 0.000000
0.338384 0.000000 0.000000
0.343434 0.000000 0.000000
0.348485 0.000000 0.000000
0.353535 0.000000 0.000000
0.358586 0.000000 0.000000
0.363636 0.000000 0.000000
0.368687 0.000000 0.000000
0.373737 0.000000 0.000000
0.378788 0.000000 0.000000
0.383838 0.000000 0.000000
0.388889 0.000000 0.000000
0.393939 0.000000 0.000000
0.398990 0.000000 0.000000
0.404040 0.000000 0.000000
0.409091 0.000000 0.000000
0.414141 0.000000 0.000000
0.419192 0.000000 0.000000
0.424242 0.000000 0.000000
0.429293 0.000000 0.000000
0.434343 0.000000 0.000000
0.439394 0.000000 0.000000
0.444444 0.000000 0.000000
0.449495 0.000000 0.000000
0.454545 0.000000 0.000000
0.459596 0.000000 0.000000
0.464646 0.000000 0.000000
0.469697 0.000000 0.000000
0.474747 0.000000 0.000000
0.479798 0.000000 0.000000
0.484848 0.000000 0.000000
0.489899 0.000000 0.000000
0.494949 0.000000 0.000000
0.500000 0.000000 0.000000
